[[433 2769 629 942 1739 1221 3065 962 93 1342 1142 1262 3015 2262 1271 1593 1418 1789 943 481 321 194 1876 950 2315 245 1068 882 2526 1349 2800 1541 1689 3921 1133 2027]
[3555 211 1275 2561 2072 3897 3525 2942 1131 2323 2113 2434 2169 3748 3491 2511 857 1204 2244 2860 290 395 1134 3123 1124 1967 3194 178 469 1567 2598 2884 1792 1924 3049 862]
[3489 2705 1751 1927 387 2198 3483 3476 1191 2832 2499 1401 263 2859 2383 3364 326 560 3917 2648 2281 8 236 391 747 158 354 1811 37 2303 1712 1959 3301 2523 2560 1447]
[913 294 161 3195 2382 3104 1020 3093 372 2083 4087 2361 1831 2852 668 2102 1755 309 236 316 2577 27 2821 2746 3378 1994 1404 3758 1294 3930 2737 236 1405 3923 3707 509]
[811 375 3241 558 3550 2988 2616 3743 1337 539 2921 2227 1193 4039 2391 2455 2004 1290 3655 4005 1491 3528 1094 1424 2184 2314 2599 1446 3937 1084 519 2669 1387 2957 1751 1444]
[3852 2881 2390 612 1270 3725 3281 554 1450 1773 1201 1875 1913 234 1786 3237 3865 2004 2083 2624 3391 1057 1262 1403 1535 2177 3561 1888 3341 3884 1721 1418 3304 1243 278 3693]
[403 491 3573 2953 1235 466 2612 3101 1786 1864 112 1743 928 1917 2147 4 1534 2868 1142 3387 582 675 2054 3005 2324 683 567 1233 3614 3064 496 548 1880 2526 313 3564]
[2870 391 3835 1692 1783 3143 161 3574 3719 2426 1399 74 2414 3734 1703 2053 2183 3378 3514 2237 2941 1196 2067 2819 1014 2211 3608 283 2793 1747 28 410 2551 3412 3756 647]
[2732 3179 1556 516 1586 321 1005 2978 590 2806 2676 2376 3341 1111 2773 1606 1478 962 950 2050 1924 3406 1452 3391 1365 225 1008 4055 1065 1053 2528 353 1544 267 1995 3264]
[1896 3622 3928 3214 2398 2798 628 3100 2660 3226 2916 1732 2868 2596 1633 1801 3302 1414 406 492 1165 1098 1622 1739 2623 2821 1829 2901 4061 1649 3790 3760 2839 510 355 2467]
[2501 2524 3490 358 1950 537 2879 1314 367 2877 1677 1082 436 3118 2892 2930 1362 2662 3150 2709 1091 2680 1524 55 3177 3466 530 1775 2698 3448 3414 2984 1147 668 1119 3082]
[2539 958 2430 1872 124 2631 1811 1097 1431 14 1272 1529 354 16 723 3796 3078 1573 379 1122 2222 3896 235 3519 1181 1352 1350 1454 2520 219 838 4004 3078 1331 365 988]
[742 358 1050 1795 133 2573 3445 2241 616 2663 1629 1780 2112 3653 2143 162 2882 2474 2932 790 1837 2298 491 2644 3944 988 3104 183 1092 2085 3007 1812 2613 1450 1960 3899]
[479 2335 3990 2536 3684 3446 3615 2985 2938 3500 1793 1624 1660 1462 2818 1144 3995 924 1368 58 3901 3450 32 1309 613 2558 3434 563 1217 3633 967 2306 3993 533 97 2806]
[411 3240 3007 935 716 3002 2626 632 3466 804 1640 856 2001 779 2097 694 813 3409 1264 3548 578 3009 3303 3531 1655 3507 1895 407 1121 536 3557 2340 3662 3242 3954 1436]
[1315 2312 3094 1782 2976 2294 3131 1457 3466 3200 801 2469 2586 408 837 297 1576 295 615 1498 1311 1169 2794 360 528 633 3921 2320 2205 3839 2102 871 1499 3032 1912 582]
[3628 85 812 2260 581 3224 2221 4059 1864 657 2918 3139 1866 2949 521 1609 3075 2328 3045 2625 2792 3733 3651 3223 2679 392 2771 3517 3921 2191 950 881 3036 1083 2927 646]
[522 1357 2409 735 961 1303 436 1445 1301 2253 2810 218 576 2702 2679 1569 972 491 2129 616 987 754 155 1812 2251 1394 2574 507 3285 438 1172 2703 404 1177 2159 3952]
[2522 2774 1389 3200 3961 3455 1989 2139 529 567 2089 647 1540 2204 2669 2871 3089 304 4031 3839 3603 2629 737 314 1744 2932 1195 1722 1205 1085 732 598 2965 3373 601 2430]
[1025 3505 980 3006 2733 3723 2835 1433 4005 2812 2404 2991 3682 284 524 1518 777 590 1330 2546 1776 398 2409 2417 2932 2521 784 2225 2099 2889 3921 1246 1378 3984 3099 985]
[1568 1868 3467 3469 2689 1499 2729 1190 1636 961 1187 2284 475 1161 1395 4081 3329 3103 3210 470 551 4077 3532 2895 3617 2712 2548 2569 3614 436 3776 1012 3381 581 3343 1444]
[1809 2788 1601 451 2105 705 1410 3490 1039 2064 3393 3028 2335 1216 2445 2294 241 3399 1130 3593 1653 174 3630 2216 3678 355 659 3275 348 1218 1850 314 1114 3306 3956 1298]
[1273 2962 1699 2887 766 3877 4081 3650 2824 444 1151 3859 347 2318 159 1435 89 3448 3483 85 1605 986 1989 1949 2260 3328 2533 2535 1275 897 2156 4051 1423 1988 864 2997]
[3322 1565 1993 2501 3048 3451 1044 1351 1087 640 240 3779 1364 2015 248 911 1259 38 1822 3698 3806 3696 1155 2285 221 1008 1284 3292 2077 3426 1230 198 4083 1256 3253 1934]
[85 299 2638 2247 2353 1791 1504 1913 881 3720 2959 1684 208 1883 2060 308 2424 3988 2037 1937 990 1261 3828 2555 3618 2929 1304 367 1494 3595 3083 1273 1488 682 1088 3106]
[2679 701 3550 1512 789 717 1727 2089 3991 234 1161 3462 2823 294 2553 540 3775 1990 328 3344 535 2397 4072 181 1697 4087 2419 2628 1719 3823 860 1251 929 3534 681 508]
[4058 3643 1584 639 1880 2605 478 1165 2490 1417 1924 916 2143 3731 1783 1409 3116 3609 4056 3106 3601 1682 3679 3745 3430 2210 1586 1138 2755 453 1024 4003 2255 2004 1688 854]
[1675 4020 1930 2252 3273 54 2726 3256 3137 1629 864 2628 2568 1316 713 780 2173 3261 2560 2786 2785 2112 2027 2085 2891 800 2948 2767 2995 928 2739 297 833 1228 2368 269]
[2544 1884 2775 1856 1775 2995 72 2086 2300 2992 2172 151 3723 1543 3860 166 3111 1501 4022 2047 2645 2000 220 3514 421 2064 2890 623 2055 1412 2693 2858 4075 2816 27 3878]
[2146 3622 534 2129 521 570 3280 521 1260 973 2883 1636 283 573 3674 2988 1120 3968 1247 2392 3466 1292 3509 2824 971 382 3887 2496 2324 1885 579 1020 2079 836 2811 2899]
[3965 2629 1466 3251 1662 1497 2881 773 2720 2021 2173 396 3075 2270 3860 3835 3607 350 25 660 2237 1564 916 3055 1179 953 2973 1189 2457 1057 2208 4036 2121 3083 1370 159]
[1517 213 524 3042 3622 3076 1775 3931 2750 1457 407 1100 2389 4074 1253 30 1937 2427 2725 1810 1762 1343 2516 480 3746 2539 2022 576 1604 793 755 569 222 446 301 1661]
[1416 459 348 67 436 2677 1994 2126 3145 500 2733 2973 1774 887 646 2708 833 1088 2816 1540 1084 2108 1320 3440 10 1440 1105 29 4038 163 3515 2184 4047 3931 1370 444]
[1423 2946 3372 2094 3983 3352 3869 184 1964 2543 1740 1601 2590 708 2179 880 1055 1630 2200 3916 2715 3021 1104 942 3469 2756 2212 2231 2616 2922 49 239 807 2628 2796 3030]
[464 2055 108 3173 2113 1580 1269 672 546 1965 3335 3587 194 1526 1009 733 4020 497 1590 3465 4044 2291 2318 1621 2848 746 3679 101 558 2109 1238 3476 3030 1326 323 1878]
[262 3629 3328 175 824 1210 1285 1558 2613 3164 691 2893 3343 2249 1545 3761 610 3028 1521 305 2544 3719 3268 2576 597 3071 1413 1026 3680 673 1136 1218 1435 2683 1657 890]
]