40
[1  1  1  0  1  1  0  0  0  0  1  0  0  1  0  0  1  1  0  0  0  1  0  0  0  1  0  0  1  1  1  1  1  1  1  1  1  0  1  1]
[0  1  0  0  0  1  1  1  1  0  0  0  1  0  0  0  1  1  0  0  1  1  1  1  1  1  0  0  1  1  1  0  1  1  1  1  1  1  0  1]
[1  0  1  1  0  1  1  0  1  0  0  1  1  1  1  1  0  0  0  0  1  1  0  0  0  1  1  1  0  1  0  0  1  0  0  0  0  1  0  1]
[0  0  1  1  0  0  1  0  1  0  1  0  0  0  0  0  0  1  1  0  0  1  0  1  1  0  1  1  0  0  1  0  0  0  0  0  1  0  0  1]
[1]
[1  0  1  1  0  1  0  0  0  1  0  1  1  0  1  0  0  1  1  1  0  1  1  1  1  1  0  0  1  0  0  0  1  1  1  0  1  1]
[1  1  0  0  0  1  0  0  1  1  1  0  0  1  1  0  1  1  1  1  0  0  0  1  1  0  0  1  1  0  0  0  0  0  1  1  1  1  1]
[1]
549756338003
549756338003
9343
[1  1  0  1  0  1  0  0  1  0  0  0  1  1  0  1  1  0  1  0  0  1  0  1  0  0  0  0  0  0  0  0  0  0  0  0  0  0  0  0  1]
#
40
[1  0  1  0  1  1  1  0  0  1  0  1  0  0  0  1  1  1  1  1  0  1  1  0  1  0  1  1  0  0  1  0  1  1  0  1  0  1  0  1]
[1  0  1  1  1  1  0  1  0  1  0  1  1  1  0  0  1  0  1  0  0  0  0  1  1  0  1  1  0  0  1  0  1  0  0  0  1  0  0  1]
[1  1  0  1  1  1  1  1  0  0  1  1  1  0  0  1  1  1  0  1  0  0  1  1  0  0  0  1  1  0  1  0  0  0  1  1  1  0  0  1]
[0  0  0  0  1  0  1  1  0  0  1  1  1  0  1  1  1  0  0  0  1  1  1  1  1  0  1  0  1  0  0  0  1  0  0  0  1  0  1  1]
[1]
[0  1  0  0  0  1  0  1  0  0  0  1  1  1  1  0  1  0  1  1  1  0  0  0  0  1  0  1  0  0  0  0  1  0  0  1  0  0  1]
[1  1  1  0  0  1  0  0  0  1  0  1  0  1  1  1  1  1  0  0  0  0  0  1  1  0  1  1  0  1  1  1  0  0  1  0  1  1]
[1]
549755895527
549755895527
9343
[1  1  0  1  0  1  0  0  1  0  0  0  1  1  0  1  1  0  1  0  0  1  0  1  0  0  0  0  0  0  0  0  0  0  0  0  0  0  0  0  1]
#
40
[0  1  1  0  1  0  1  1  1  1  0  0  1  1  0  1  1  1  0  0  1  0  1  0  1  1  1  0  0  0  0  0  0  0  1  1  0  1]
[1  1  1  0  1  0  1  0  1  0  1  1  0  1  0  1  0  1  0  0  0  1  0  0  1  1  0  0  1  1  1  0  0  0  1  1  1  1]
[0  1  1  0  0  0  1  1  1  1  1  0  1  0  1  0  0  0  0  0  1  0  1  0  0  1  1  1  1  1  0  0  0  0  0  1  1  0  0  1]
[1  0  1  1  1  1  1  0  0  0  1  1  0  1  0  1  0  0  1  0  0  1  1  0  0  0  0  0  0  0  1  0  1  1  0  0  0  1  1  1]
[1]
[1  0  1  1  0  0  0  1  0  0  1  0  0  0  1  1  0  1  1  1  1  1  1  1  0  0  1  0  0  1  0  1  1  0  1  1  1  0  1  1]
[1  0  0  1  1  0  0  0  1  1  1  0  1  0  1  1  0  0  0  0  0  1  0  0  0  1  1  0  0  0  1  1  1  1  1  0  1  1]
[1]
549756354743
549756354743
9343
[1  1  0  1  0  1  0  0  1  0  0  0  1  1  0  1  1  0  1  0  0  1  0  1  0  0  0  0  0  0  0  0  0  0  0  0  0  0  0  0  1]
#
40
[1  0  0  0  1  0  1  0  1  0  0  1  1  1  1  0  1  1  0  0  0  0  1  1  1  1  0  0  1  1  1  1  1  0  1  1  1  0  1]
[0  1  0  0  1  0  1  1  0  1  0  0  1  0  0  0  1  1  0  1  0  1  1  0  1  0  1  1  1  0  0  0  0  1  1  0  1]
[0  1  0  1  1  0  1  1  1  0  1  1  1  0  0  1  1  1  0  0  0  0  0  1  0  1  1  0  0  1  0  0  1  1  0  1  1  1  1]
[0  0  1  0  0  0  0  0  1  1  0  1  0  0  1  1  1  1  0  0  1  0  0  1  0  0  1  0  1  0  1  1  1  0  0  0  0  1  1  1]
[1]
[0  1  1  1  1  1  0  0  1  0  0  1  0  0  0  0  0  1  0  1  1  1  1  1  1  1  0  0  0  0  1  0  0  0  1  0  1  0  1]
[0  1  1  1  0  0  1  1  1  1  1  1  0  0  1  1  0  1  1  0  1  0  0  1  0  1  0  0  0  1  0  0  1  0  1  0  1  1  0  1]
[1]
549756177241
549756177241
9343
[1  1  0  1  0  1  0  0  1  0  0  0  1  1  0  1  1  0  1  0  0  1  0  1  0  0  0  0  0  0  0  0  0  0  0  0  0  0  0  0  1]
#
40
[0  0  1  0  0  0  0  0  1  0  0  1  0  0  0  0  1  0  0  1  0  0  1  1  0  1  0  0  0  0  0  0  1  1  1  0  0  1  1  1]
[0  1  1  1  0  0  0  0  0  0  1  1  1  0  0  0  0  1  1  1  1  1  1  0  0  0  1  0  0  0  1  1  1  0  0  1  1  1]
[0  1  1  0  0  0  0  0  0  0  1  1  0  1  0  1  1  0  1  1  1  0  1  1  1  1  0  0  0  0  0  0  0  0  1  1  1  0  1]
[0  0  0  1  0  1  1  1  1  1  1  1  0  0  1  1  0  1  1  0  1  1  1  1  1  1  1  1  1  0  0  1  1  1  1  1  0  1]
[1]
[1  0  0  0  1  0  0  1  1  0  1  1  0  0  1  1  0  0  1  0  0  0  0  0  0  1  0  1  0  0  0  0  0  0  1  1  1  1]
[0  0  1  1  0  1  0  0  0  1  0  0  1  0  1  0  1  0  1  0  0  0  1  1  0  0  1  1  0  0  1  0  0  1  0  1  0  1  1]
[1]
549755912257
549755912257
9343
[1  1  0  1  0  1  0  0  1  0  0  0  1  1  0  1  1  0  1  0  0  1  0  1  0  0  0  0  0  0  0  0  0  0  0  0  0  0  0  0  1]
#
40
[0  1  0  1  0  0  0  0  1  0  0  0  0  1  1  1  1  1  0  1  1  0  0  0  0  0  0  0  0  0  1  1  1  1  0  1  0  1  1]
[1  1  1  0  1  0  1  0  0  1  0  0  1  1  0  0  0  1  0  0  0  0  0  0  1  0  0  0  0  1  1  0  1  1  0  0  1  0  1  1]
[1  0  0  0  0  1  0  1  1  0  0  1  1  0  0  0  0  0  1  0  0  0  1  1  1  0  1  0  1  0  0  1  0  0  0  1  1  0  0  1]
[1  0  0  0  1  0  1  0  0  0  1  1  1  1  1  0  1  0  1  1  1  0  1  1  0  0  0  1  0  0  1  1  0  0  1  1  1]
[1]
[0  1  0  0  0  0  1  1  0  1  0  1  0  1  1  0  1  1  1  1  1  1  1  1  0  1  1  0  0  1  0  1  0  0  0  0  1  0  0  1]
[0  1  1  1  1  0  1  1  0  1  0  0  0  1  0  1  0  0  0  1  0  1  1  1  0  0  1  0  1  1  1  1  0  0  0  0  0  0  0  1]
[1]
549756039529
549756039529
9343
[1  1  0  1  0  1  0  0  1  0  0  0  1  1  0  1  1  0  1  0  0  1  0  1  0  0  0  0  0  0  0  0  0  0  0  0  0  0  0  0  1]
#
40
[0  1  1  0  0  1  0  0  1  0  0  1  0  1  0  1  1  1  0  0  1  0  0  1  0  1  0  0  0  0  1  1  0  0  0  0  0  1]
[0  0  0  1  1  0  0  0  1  0  0  1  0  0  0  1  1  1  1  1  1  0  1  1  1  1  0  0  0  0  1  0  1]
[1  1  0  1  0  1  1  0  1  1  0  0  0  1  0  0  1  0  1  1  1  1  0  0  0  0  0  0  1  0  1  0  1  0  0  0  1  1  1]
[0  1  0  1  1  1  1  1  1  1  1  0  1  0  1  1  1  0  0  1  0  0  0  0  0  1  1  1  0  0  0  1  0  0  1  1  1  1]
[1]
[1  1  1  1  1  1  0  1  0  0  0  1  0  1  1  0  1  0  1  1  1  0  0  0  1  1  0  1  1  1  0  1  0  1  0  1  1  1  0  1]
[1  0  0  1  1  1  1  1  0  0  0  1  0  1  0  1  1  1  0  1  1  1  1  0  1  0  1  1  0  0  1  0  0  0  1  1]
[1]
549756058807
549756058807
9343
[1  1  0  1  0  1  0  0  1  0  0  0  1  1  0  1  1  0  1  0  0  1  0  1  0  0  0  0  0  0  0  0  0  0  0  0  0  0  0  0  1]
#
40
[0  0  0  1  1  1  0  0  1  1  1  1  0  0  1  1  1  0  1  0  1  0  0  1  1  1  1  0  0  1  0  1  1  1  0  1  0  1]
[1  1  1  1  1  0  1  1  0  1  0  1  0  0  1  1  0  1  1  1  0  1  0  0  0  1  1  0  0  1  0  1  0  1  1  0  1  1  1  1]
[0  0  1  0  1  0  1  0  0  0  0  0  1  1  0  1  0  1  0  1  1  1  0  1  1  1  0  1  0  1  0  0  0  0  1  1  1  1  0  1]
[1  1  0  1  0  0  0  0  0  1  0  0  1  0  0  0  1  0  0  1  0  0  1  1  0  1  1  1  0  0  1  1  0  1  1  0  1  0  1]
[1]
[1  0  1  0  0  1  1  1  1  1  1  1  1  1  0  0  1  0  0  0  0  0  1  0  1  1  0  0  0  1  0  1  1  0  1  1  0  0  0  1]
[1  0  1  0  1  1  0  1  0  1  1  0  0  0  0  0  0  1  0  1  0  0  0  1  0  0  1  1  1  0  0  0  1  1  0  1  1  1  1  1]
[1]
549756497813
549756497813
9343
[1  1  0  1  0  1  0  0  1  0  0  0  1  1  0  1  1  0  1  0  0  1  0  1  0  0  0  0  0  0  0  0  0  0  0  0  0  0  0  0  1]
#
40
[1  0  0  0  0  0  1  1  1  1  1  1  0  1  0  1  1  1  1  1  0  0  0  1  1  1  0  0  0  1  1  0  0  1  0  0  1]
[0  1  0  0  0  1  1  0  1  1  0  0  1  1  0  0  0  0  1  0  1  1  0  0  1  0  1  1  1  1  0  1  1  1  0  0  0  0  1  1]
[0  1  1  1  1  1  1  0  0  0  1  1  1  1  1  0  1  0  1  0  1  0  0  0  0  0  0  1  0  1  1  0  1  0  0  0  1  1  1  1]
[0  0  0  1  1  0  0  0  1  0  0  0  1  1  1  1  1  0  0  1  0  1  0  0  0  0  0  1  0  1  0  1  1  0  1  1  0  1  1  1]
[1]
[0  0  0  0  0  1  1  0  1  0  0  0  1  0  1  0  1  0  0  1  1  0  0  0  1  1  1  0  0  1  1  1  1  0  0  0  1  1  0  1]
[1  1  0  0  0  1  0  0  0  0  1  1  0  1  1  1  1  1  0  0  1  1  0  1  1  0  0  1  1  0  0  1  1  1  1  1  0  0  0  1]
[1]
549756224057
549756224057
9343
[1  1  0  1  0  1  0  0  1  0  0  0  1  1  0  1  1  0  1  0  0  1  0  1  0  0  0  0  0  0  0  0  0  0  0  0  0  0  0  0  1]
#
40
[1  1  1  0  1  0  1  0  1  0  0  1  0  0  0  1  1  1  1  0  0  1  0  1  1  1  0  0  1  1  0  1  1  0  0  1  1  0  0  1]
[1  1  1  0  1  1  0  0  1  1  1  0  0  0  0  1  1  1  1  1  1  1  0  0  1  0  1  0  0  0  0  0  0  0  0  1  1  0  1]
[0  0  1  0  0  0  1  0  0  1  0  1  1  1  0  0  1  0  0  1  0  1  0  0  1  0  1  0  0  1  1  0  1  0  1  1  1  0  0  1]
[1  1  0  0  1  0  0  0  1  1  0  0  1  1  0  1  1  0  0  0  0  1  0  1  0  1  1  0  0  0  1  1  1  0  0  0  1  1]
[1]
[0  0  1  1  1  0  1  1  1  0  1  0  1  0  0  1  0  1  1  1  1  1  1  0  1  1  1  1  1  0  0  1  1  1  1  1  0  0  1  1]
[0  0  1  1  1  0  0  1  0  0  1  1  0  0  0  0  0  1  1  0  0  1  1  0  0  1  1  1  0  0  1  1  0  1  0  0  0  0  1  1]
[1]
549756296009
549756296009
9343
[1  1  0  1  0  1  0  0  1  0  0  0  1  1  0  1  1  0  1  0  0  1  0  1  0  0  0  0  0  0  0  0  0  0  0  0  0  0  0  0  1]
#
40
[0  1  0  1  1  1  0  0  0  0  1  0  0  1  0  1  1  0  0  0  1  1  0  0  1  0  0  1  1  0  1  1  1  1  1  1  0  0  0  1]
[0  0  0  1  1  1  0  1  0  1  1  1  1  0  0  1  1  1  1  0  0  1  0  0  1  0  0  1  0  0  0  0  1  1  0  1  0  0  1]
[1  0  0  1  0  1  1  0  0  0  1  0  1  0  1  0  0  0  1  0  0  1  0  1  0  1  0  1  0  0  0  1  0  1  1  1  0  0  1]
[1  1  1  1  0  0  1  1  1  0  1  0  0  0  0  0  1  0  1  1  1  1  0  0  1  1  1  0  0  1  1  1  0  0  0  0  1  1]
[1]
[0  1  0  0  1  1  0  0  0  1  1  0  0  1  1  0  0  1  0  0  0  0  1  1  0  1  1  1  1  1  0  0  1  1  0  1  1  1  0  1]
[1  1  1  0  0  0  1  0  1  0  1  0  1  1  0  0  1  0  0  0  0  1  1  1  0  1  1  1  1  0  0  0  1  0  1  0  1  0  1  1]
[1]
549756268253
549756268253
9343
[1  1  0  1  0  1  0  0  1  0  0  0  1  1  0  1  1  0  1  0  0  1  0  1  0  0  0  0  0  0  0  0  0  0  0  0  0  0  0  0  1]
#
40
[1  1  0  1  1  1  0  0  0  0  1  1  0  0  1  1  1  0  0  0  0  1  0  1  1  1  1  1  1  0  1  0  0  1  1  0  0  1  1]
[0  1  0  0  1  0  1  0  0  1  1  0  1  0  0  0  0  1  1  1  1  1  1  1  0  0  1  1  1  0  0  1  1  0  0  1]
[0  0  1  0  1  1  1  1  1  1  1  0  1  0  1  1  0  0  0  0  0  0  0  1  0  0  1  1  1  1  1  1  1  0  1  0  1  1  0  1]
[1  1  0  0  1  1  0  1  0  1  0  1  0  0  0  0  0  1  0  0  0  1  0  1  0  0  1  1  1  0  1  1  0  0  1  0  1  0  1]
[1]
[1  0  1  0  0  0  0  1  0  0  1  1  1  0  0  1  1  1  1  1  0  0  0  0  0  0  1  0  1  1  1  1  1  1  1  1  0  0  1  1]
[0  0  1  1  0  0  0  1  0  0  0  1  0  0  0  1  0  1  1  1  0  1  1  0  1  1  1  0  0  0  0  0  0  1  0  0  0  0  1]
[1]
549756220229
549756220229
9343
[1  1  0  1  0  1  0  0  1  0  0  0  1  1  0  1  1  0  1  0  0  1  0  1  0  0  0  0  0  0  0  0  0  0  0  0  0  0  0  0  1]
#
40
[1  1  0  0  1  1  0  1  1  0  0  0  1  1  0  0  1  0  0  0  1  0  1  0  1  1  0  0  0  0  1  1  1  1  1  0  0  0  1  1]
[0  1  0  0  1  0  1  1  0  1  1  1  1  0  1  1  0  0  1  0  1  1  0  1  1  1  0  1  1  1  1  1  1  1  0  0  1  1  1  1]
[0  1  0  1  0  1  0  0  0  1  0  1  1  0  1  1  1  0  1  0  1  0  0  1  1  1  1  0  1  1  0  1  0  1  0  1  1  1]
[0  1  1  1  1  1  1  0  1  0  1  1  0  1  1  0  0  0  0  1  0  1  1  1  0  0  1  1  0  0  1  1  0  1  0  0  1  0  1  1]
[1]
[0  1  1  1  0  0  0  0  1  1  1  1  0  0  1  0  1  1  0  0  1  1  0  0  1  1  1  0  0  1  0  1  1  0  1  0  0  1  1  1]
[0  0  1  1  1  1  0  1  1  0  0  0  0  1  0  1  0  1  0  1  1  0  1  0  0  0  0  0  1  1  0  0  0  0  0  0  1  0  1]
[1]
549756812677
549756812677
9343
[1  1  0  1  0  1  0  0  1  0  0  0  1  1  0  1  1  0  1  0  0  1  0  1  0  0  0  0  0  0  0  0  0  0  0  0  0  0  0  0  1]
#
40
[0  1  1  0  1  0  0  0  0  1  0  1  0  1  1  0  1  0  1  1  1  1  1  1  1  0  0  0  0  1  1  0  1  1  1  1  1]
[1  1  0  0  0  1  1  0  0  1  1  0  1  1  0  1  0  1  1  1  0  0  1  0  0  0  1  1  1  0  1  0  0  1  0  1  1  1  1  1]
[1  0  1  1  1  0  0  1  1  0  1  0  1  0  0  0  1  1  0  0  0  1  1  1  1  0  0  0  1  1  1  0  0  1  0  1  0  0  1  1]
[1  0  0  1  0  0  0  0  1  0  1  0  1  1  0  0  0  1  0  1  1  1  0  1  0  0  0  0  1  1  0  0  0  1  0  0  0  0  1  1]
[1]
[1  1  1  0  0  0  1  1  0  0  0  1  1  0  1  1  1  1  0  0  0  1  0  0  1  0  1  0  1  1  1  1  0  1  0  1  1  0  1  1]
[0  1  1  1  0  1  0  0  0  0  1  1  1  1  1  1  0  1  0  1  1  0  1  1  1  1  0  0  0  0  0  0  0  0  0  1  0  0  1]
[1]
549756250229
549756250229
9343
[1  1  0  1  0  1  0  0  1  0  0  0  1  1  0  1  1  0  1  0  0  1  0  1  0  0  0  0  0  0  0  0  0  0  0  0  0  0  0  0  1]
#
40
[0  0  1  0  1  1  1  1  0  0  0  1  1  1  1  0  1  0  1  0  1  0  1  0  1  1  1  1  1  1  1  0  1  0  0  0  1  1  0  1]
[1  1  0  0  0  1  1  1  0  1  0  0  0  1  1  0  0  1  1  0  1  1  0  0  1  1  0  0  1  1  0  1  1  0  0  0  1]
[0  1  0  0  0  1  0  1  0  1  0  0  0  1  1  0  0  1  1  1  1  1  1  1  1  1  0  1  1  1  0  1  1  1  0  0  0  1  0  1]
[1  1  1  0  1  1  1  0  1  1  0  1  0  0  0  0  0  0  1  0  1  1  1  1  0  0  0  0  0  1  0  0  0  0  1  0  1  0  1]
[1]
[0  0  1  1  0  1  0  1  0  0  1  1  0  1  1  1  0  0  0  1  0  0  1  0  1  0  1  1  0  1  0  1  0  0  0  0  1  0  1  1]
[1  1  1  1  0  1  1  0  1  1  1  0  1  1  0  1  1  1  0  0  0  0  0  0  1  1  1  0  0  1  0  1  1  1  0  1  1  1  1]
[1]
549756696329
549756696329
9343
[1  1  0  1  0  1  0  0  1  0  0  0  1  1  0  1  1  0  1  0  0  1  0  1  0  0  0  0  0  0  0  0  0  0  0  0  0  0  0  0  1]
#
40
[0  1  0  0  0  1  1  1  0  0  1  1  0  1  0  0  0  0  0  0  1  1  1  1  0  0  0  0  1  0  1  1  0  1  0  1  1  1  1]
[0  0  0  0  1  0  1  1  1  0  0  0  0  0  0  1  0  0  1  0  0  0  0  1  1  1  0  0  1  0  0  1  0  0  0  1  0  0  1]
[1  1  1  1  0  0  1  1  0  0  1  1  0  1  1  0  0  1  1  0  0  1  0  0  1  1  1  1  1  1  0  0  0  1  0  1  1  0  1  1]
[0  1  0  0  0  0  1  1  1  1  1  1  1  1  0  1  0  0  1  1  1  1  1  1  1  1  1  1  1  1  1  0  0  1  0  1  0  0  0  1]
[1]
[0  1  1  0  1  0  1  0  0  1  1  0  1  1  1  1  0  0  1  0  1  1  0  0  1  1  1  0  0  1  1  0  0  0  0  1  1  1]
[0  0  0  1  0  0  0  0  0  0  0  1  0  1  0  1  0  1  0  1  1  0  1  0  1  0  1  0  1  0  1  0  0  1  1  1  0  1]
[1]
549756132971
549756132971
9343
[1  1  0  1  0  1  0  0  1  0  0  0  1  1  0  1  1  0  1  0  0  1  0  1  0  0  0  0  0  0  0  0  0  0  0  0  0  0  0  0  1]
#
40
[1  0  1  1  0  0  0  0  0  1  1  0  1  0  1  0  0  0  0  0  1  1  0  0  0  0  0  1  0  1  0  0  1  0  0  1  1  1  0  1]
[1  0  0  0  0  0  0  1  1  1  1  0  0  0  0  0  1  1  1  1  1  1  1  1  1  1  0  1  0  1  1  1  1  0  1  0  0  1  1]
[0  0  0  0  1  1  0  1  1  1  0  0  0  1  0  1  0  1  1  0  0  0  0  1  1  0  1  1  0  1  1  0  1  1  1  0  0  1  1  1]
[0  0  1  0  0  1  1  1  0  0  1  0  0  0  0  1  1  0  0  1  1  0  0  0  1  0  0  1  1  1  0  1  1  1  1  1  1  1  1  1]
[1]
[0  1  0  1  0  0  0  1  0  0  0  0  0  0  1  1  1  0  0  0  1  0  0  0  0  0  1  0  1  0  0  0  1  0  1  1  0  0  1]
[1  1  1  0  1  0  0  0  1  0  0  0  1  1  0  0  0  1  0  0  1  0  1  1  0  0  1  1  0  1  1  0  0  0  1  1  1  1  1]
[1]
549755900479
549755900479
9343
[1  1  0  1  0  1  0  0  1  0  0  0  1  1  0  1  1  0  1  0  0  1  0  1  0  0  0  0  0  0  0  0  0  0  0  0  0  0  0  0  1]
#
40
[1  0  1  0  1  0  0  1  1  0  1  1  0  0  0  0  0  0  1  1  0  1  0  0  1  0  1  1  0  0  0  1  0  0  0  0  0  1  0  1]
[1  1  0  1  1  1  0  1  1  0  1  1  1  1  0  0  0  0  1  0  0  1  1  0  1  0  0  0  0  1  0  1  1  0  1  0  1  1  1  1]
[1  0  1  1  0  0  0  0  0  1  1  0  1  0  0  0  1  1  1  0  1  0  0  0  1  0  0  1  0  0  1  1  1  0  0  0  0  0  1  1]
[1  0  0  0  1  1  0  1  0  0  1  1  0  0  1  1  0  1  0  1  0  1  0  0  1  0  1  1  0  0  1  1  1  1  1  1  0  1  1]
[1]
[0  0  0  1  1  0  0  0  0  1  0  1  1  0  1  0  1  1  1  0  1  1  0  1  0  1  0  0  1  0  1  1  1  0  0  1]
[0  0  0  1  0  0  1  0  1  1  1  1  0  0  0  1  1  1  0  1  1  0  0  1  1  1  1  0  0  0  0  0  0  0  1  0  1  1  1]
[1]
549756023039
549756023039
9343
[1  1  0  1  0  1  0  0  1  0  0  0  1  1  0  1  1  0  1  0  0  1  0  1  0  0  0  0  0  0  0  0  0  0  0  0  0  0  0  0  1]
#
40
[1  0  1  1  0  0  0  1  0  0  1  0  0  0  1  1  0  1  0  1  1  0  1  1  1  1  1  0  0  0  1  0  0  1  0  1  1  1]
[0  1  0  1  1  1  0  1  0  0  1  1  0  0  1  0  0  1  0  1  1  0  1  0  0  0  0  1  1  1  1  1  1  1  1  0  0  1  1  1]
[0  1  0  0  0  1  0  1  1  0  0  1  1  1  0  1  1  1  0  0  1  1  1  0  1  0  0  0  1  1  0  0  1  0  1  0  0  0  1]
[0  1  1  1  1  0  1  0  0  1  0  0  0  1  1  1  0  0  0  0  0  1  0  0  1  0  0  0  0  0  1  1  0  1  1  1  1  1  1]
[1]
[0  1  0  1  0  0  0  1  0  1  0  1  1  0  1  0  0  0  0  0  0  1  1  1  0  0  1  1  1  0  1  0  0  0  1  1]
[0  1  0  0  0  0  0  1  0  1  1  1  1  1  0  1  0  1  0  1  1  0  0  1  0  1  1  0  0  1  0  0  1  0  0  1  1  1  0  1]
[1]
549756350873
549756350873
9343
[1  1  0  1  0  1  0  0  1  0  0  0  1  1  0  1  1  0  1  0  0  1  0  1  0  0  0  0  0  0  0  0  0  0  0  0  0  0  0  0  1]
#
40
[0  0  1  1  1  1  1  1  1  1  1  1  0  0  1  0  1  1  1  0  0  1  1  1  0  1  1  0  1  0  0  0  0  1  1  0  0  1  1]
[0  0  0  0  1  0  0  0  0  1  0  0  1  0  0  0  1  0  0  0  1  1  1  1  1  0  1  0  1  1  0  0  0  0  0  0  0  0  0  1]
[0  1  0  0  0  1  0  0  1  1  0  0  1  0  1  1  1  0  0  1  0  0  0  1  0  1  0  0  1  1  1  1  0  1  0  0  0  1]
[1  1  0  1  1  1  1  1  1  1  0  1  1  1  0  1  1  0  1  0  1  0  1  0  0  1  1  1  0  0  0  0  0  0  1  0  0  1  1  1]
[1]
[0  0  1  0  0  0  1  0  0  0  0  1  1  1  1  1  1  1  1  1  0  1  1  1  0  0  0  1  0  0  1  0  1]
[1  0  1  1  1  1  1  0  0  1  0  0  0  0  0  1  1  0  1  1  0  1  0  1  0  1  0  0  1  1  0  0  0  1  1  0  0  0  1]
[1]
549756179993
549756179993
9343
[1  1  0  1  0  1  0  0  1  0  0  0  1  1  0  1  1  0  1  0  0  1  0  1  0  0  0  0  0  0  0  0  0  0  0  0  0  0  0  0  1]
#
40
[0  1  1  1  0  0  1  1  1  1  0  0  1  1  0  0  1  1  1  1  0  1  0  0  0  0  0  0  1  1  0  1  0  1  0  1  1  1  1]
[1  0  1  0  1  0  1  0  1  0  0  1  1  1  0  1  1  1  1  0  0  1  1  1  0  0  1  0  0  0  0  0  0  1  1  0  0  1  1  1]
[0  0  0  0  1  0  0  1  0  1  1  0  1  1  0  0  0  0  0  1  0  0  1  0  0  1  1  1  0  1  1  1  1  1  1  1  0  0  0  1]
[1  0  0  1  1  0  0  0  0  0  1  0  1  0  0  0  0  1  0  1  0  1  0  1  1  1  1  1  1  1  1  0  0  0  1  1  0  0  1  1]
[1]
[0  0  1  1  1  0  1  0  1  1  0  0  0  0  1  0  1  0  0  1  0  0  0  1  1  0  0  0  0  0  0  1  1  1  1  0  1  0  1]
[0  0  1  1  1  1  0  1  1  1  0  1  0  0  0  1  1  0  0  0  1  1  0  1  0  0  0  1  0  0  1  1  0  1  0  1  0  1  1]
[1]
549756453361
549756453361
9343
[1  1  0  1  0  1  0  0  1  0  0  0  1  1  0  1  1  0  1  0  0  1  0  1  0  0  0  0  0  0  0  0  0  0  0  0  0  0  0  0  1]
#
40
[0  1  1  0  0  0  0  0  1  1  0  0  1  0  0  1  1  0  1  1  0  1  1  0  0  1  0  0  1  0  1  1  1  0  0  1  1]
[1  0  0  1  0  1  1  0  0  1  0  0  1  0  1  1  1  0  0  1  1  1  1  0  1  1  1  1  0  0  1  0  0  0  1  0  1  0  0  1]
[0  1  1  0  0  1  1  0  0  0  1  1  1  0  1  1  0  0  1  1  1  0  0  1  1  1  1  1  1  1  1  1  1  1  1  0  1  1]
[0  1  1  0  0  1  1  0  1  0  0  1  0  0  1  1  1  0  1  0  1  0  0  1  0  1  0  0  1  0  1  0  1  1  0  1  1  0  0  1]
[1]
[0  1  1  0  1  1  1  0  0  0  0  1  1  0  1  1  0  0  1  1  0  1  0  1  0  0  1  0  0  0  0  0  0  0  1  0  0  1  0  1]
[0  0  1  0  0  1  1  0  1  1  0  0  0  1  0  1  1  1  1  1  0  0  1  0  1  1  0  1  0  0  0  0  1  1  0  1  1  0  0  1]
[1]
549756439457
549756439457
9343
[1  1  0  1  0  1  0  0  1  0  0  0  1  1  0  1  1  0  1  0  0  1  0  1  0  0  0  0  0  0  0  0  0  0  0  0  0  0  0  0  1]
#
40
[0  1  0  1  1  1  0  1  0  1  1  0  1  0  1  1  0  0  0  0  1  1  0  1  1  1  0  0  1  1  0  1  0  1  1  1  0  1  1]
[1  0  1  1  1  1  0  1  0  0  1  1  0  1  1  1  1  0  1  0  1  1  0  1  1  0  1  1  0  0  0  0  1  0  1  0  1  0  1]
[0  0  1  1  0  0  1  0  1  0  0  0  1  1  1  1  0  1  1  1  1  0  1  1  0  1  1  0  1  0  1  0  1  0  1  0  1  0  1]
[0  1  1  0  0  1  1  0  1  0  0  1  1  0  0  0  0  1  0  0  0  1  0  1  0  1  1  0  0  1  1  0  0  0  1  0  1  1  1]
[1]
[1  1  1  1  0  1  1  1  1  1  1  0  0  1  1  1  0  1  1  1  0  1  1  1  0  0  0  1  0  0  0  0  1  1  0  0  0  1  1]
[1  1  0  1  0  0  1  0  1  1  0  1  0  1  1  0  0  0  1  1  1  1  1  1  1  0  0  1  1  0  0  1  1]
[1]
549756613519
549756613519
9343
[1  1  0  1  0  1  0  0  1  0  0  0  1  1  0  1  1  0  1  0  0  1  0  1  0  0  0  0  0  0  0  0  0  0  0  0  0  0  0  0  1]
#
40
[1  0  1  1  0  0  1  0  1  1  1  0  1  1  1  0  1  1  0  1  1  0  0  0  0  0  1  1  0  1  0  0  0  1  1  1  1  1  1  1]
[0  1  0  0  1  1  0  0  0  1  0  0  0  1  1  1  0  0  0  0  1  0  1  0  1  0  1  0  1  0  1  1  1  1  0  0  1  1]
[1  0  1  0  0  1  1  0  0  0  1  1  0  1  1  1  1  1  1  1  1  0  0  0  0  1  0  0  1  0  1  0  0  1  1  0  1  1]
[0  1  0  1  0  1  1  0  1  0  1  1  1  1  1  1  0  0  1  1  1  0  1  0  1  1  0  0  0  1  1  0  1  1  0  1  1  1  1  1]
[1]
[0  1  0  0  0  1  1  1  1  1  1  0  1  1  1  0  0  0  0  0  0  1  1  0  1  1  0  0  1  0  0  0  1  1  1  1  1  1  1]
[1  1  1  1  1  1  1  1  0  0  1  0  1  1  0  1  1  0  1  0  0  1  0  0  0  0  1  0  0  1  1  1  0  0  0  1  0  0  0  1]
[1]
549756708551
549756708551
9343
[1  1  0  1  0  1  0  0  1  0  0  0  1  1  0  1  1  0  1  0  0  1  0  1  0  0  0  0  0  0  0  0  0  0  0  0  0  0  0  0  1]
#
40
[0  1  0  0  0  0  1  1  1  0  0  1  1  1  1  0  0  0  1  1  0  1  1  0  1  0  1  1  0  1  0  1  1  0  1  1  0  0  1  1]
[1  1  0  0  0  1  0  1  0  1  1  0  1  1  1  0  0  1  0  1  1  1  0  0  0  0  0  0  1  0  0  1  0  1  0  1  1  1  0  1]
[0  1  1  1  0  0  0  1  0  1  1  1  0  1  1  0  0  1  1  0  0  1  0  0  0  0  0  0  1  1  0  1  1  1  0  0  1  0  0  1]
[1  1  0  1  1  1  1  1  0  0  0  1  1  1  1  1  0  1  1  0  0  1  0  0  0  0  0  1  1  0  1  1  1  0  1  0  0  1]
[1]
[0  0  0  1  1  0  0  0  1  0  0  0  0  1  0  1  0  0  0  0  0  1  0  0  0  1  1  1  0  0  0  1  1  1  1  1  0  0  1]
[0  1  1  0  0  0  1  0  0  0  1  0  0  0  1  1  1  0  0  1  0  1  1  0  0  0  0  0  1  1  0  1  1  0  0  0  0  0  1]
[1]
549756352529
549756352529
9343
[1  1  0  1  0  1  0  0  1  0  0  0  1  1  0  1  1  0  1  0  0  1  0  1  0  0  0  0  0  0  0  0  0  0  0  0  0  0  0  0  1]
#
40
[1  1  1  0  1  0  1  0  0  1  0  1  1  1  1  0  0  0  0  0  0  0  1  1  0  0  1  0  1  0  1  0  1  0  0  1  1  0  0  1]
[1  0  1  1  0  0  1  1  0  1  1  1  1  1  1  0  0  1  1  1  0  1  1  1  0  0  0  1  0  0  0  0  1  1  1  0  1]
[1  0  0  0  1  1  0  0  1  0  0  0  0  0  1  1  0  1  0  0  1  0  0  1  1  0  0  0  1  1  0  1  0  0  0  1  0  0  1]
[1  1  0  0  1  0  0  1  0  0  1  1  1  1  0  1  1  0  1  0  0  0  1  1  0  0  0  0  0  1  0  1  1  1  1  1  1  0  0  1]
[1]
[1  0  0  0  1  0  0  0  0  1  1  0  1  0  0  0  1  0  0  1  0  0  1  0  0  1  0  0  0  1  0  1  1  0  1  1  1  0  1]
[0  1  0  0  0  1  1  1  0  0  1  0  0  0  0  0  0  0  0  1  1  1  1  1  0  0  0  0  1  1  1  0  1  1  0  1  1  1  1  1]
[1]
549755902909
549755902909
9343
[1  1  0  1  0  1  0  0  1  0  0  0  1  1  0  1  1  0  1  0  0  1  0  1  0  0  0  0  0  0  0  0  0  0  0  0  0  0  0  0  1]
#
40
[1  0  0  1  1  0  1  1  1  1  1  0  0  1  1  0  1  0  0  0  0  0  1  0  0  0  0  0  0  1  1  1  0  0  0  1  0  1  1  1]
[0  1  1  1  0  1  0  1  1  0  1  1  1  1  1  0  1  1  0  1  0  0  1  1  0  1  1  1  0  1  1  0  0  1  0  1  1  1  1]
[1  0  1  0  0  0  1  0  0  0  1  0  1  0  0  0  0  1  0  1  0  1  1  1  1  0  1  1  1  0  0  1  0  1  1  0  0  1]
[0  1  0  1  1  0  0  0  1  0  1  0  0  0  0  0  0  1  0  1  1  1  1  1  0  1  0  1  0  0  0  0  1  0  0  1  1  0  0  1]
[1]
[1  1  0  1  0  0  1  1  1  1  0  0  1  1  1  0  0  1  1  1  0  1  1  1  1  1  0  1  0  1  1  0  1  0  0  0  0  0  1]
[0  0  0  1  1  0  1  1  1  1  0  0  0  1  1  0  0  0  1  0  0  1  0  0  0  0  0  1  1  0  1  0  0  0  0  0  0  1  1]
[1]
549756107759
549756107759
9343
[1  1  0  1  0  1  0  0  1  0  0  0  1  1  0  1  1  0  1  0  0  1  0  1  0  0  0  0  0  0  0  0  0  0  0  0  0  0  0  0  1]
#
40
[0  0  1  1  1  1  1  1  1  0  1  1  1  0  0  1  0  0  0  0  0  0  0  0  1  0  0  0  1  1  0  1  1  1  1  1  0  0  1  1]
[1  0  1  1  1  1  0  0  0  0  0  1  0  1  1  1  0  0  0  1  1  1  0  1  1  0  0  1  1  0  0  0  0  1  1  0  1  1  1  1]
[1  0  0  1  0  1  0  0  1  1  0  1  0  1  0  1  0  0  0  0  0  1  0  0  1  1  1  0  1  1  1  1  0  0  0  1  0  1  0  1]
[1  1  1  0  1  0  0  0  0  1  1  1  0  1  1  1  0  0  1  1  1  1  0  1  1  0  1  1  0  1  0  0  0  1  1  1  1]
[1]
[1  0  1  0  0  0  0  1  1  1  1  1  0  1  0  1  1  0  0  1  0  1  0  1  0  0  1  0  1  1  0  1  0  0  0  1  1  1]
[1  1  0  1  0  1  1  1  1  1  1  1  0  0  0  0  0  0  0  0  0  0  1  1  1  0  0  1  1  1  1  0  1  1  0  1  1  1  0  1]
[1]
549756403019
549756403019
9343
[1  1  0  1  0  1  0  0  1  0  0  0  1  1  0  1  1  0  1  0  0  1  0  1  0  0  0  0  0  0  0  0  0  0  0  0  0  0  0  0  1]
#
40
[0  1  1  1  1  1  1  0  0  0  1  0  0  0  0  1  0  0  0  0  1  1  1  0  1  1  1  0  1  1  1  1  1  0  1  1]
[1  0  1  1  1  0  1  1  1  0  1  0  1  1  0  0  1  1  0  0  0  0  1  0  0  1  1  1  0  0  1  1  0  1  0  1  0  0  1  1]
[1  1  1  0  1  1  1  0  1  0  0  1  1  1  1  0  1  1  1  1  0  1  0  0  0  0  1  1  0  0  1  0  0  0  1  1]
[1  1  1  1  0  0  0  0  0  1  0  1  1  1  1  1  0  1  1  0  1  0  1  1  1  1  1  0  0  1  1  0  1  0  0  1  0  1]
[1]
[0  1  0  0  1  1  1  0  1  1  0  1  1  0  1  1  1  0  1  0  0  0  0  1  1  1  1  1  1  1  1  0  0  0  1  1  0  0  1  1]
[0  0  1  1  0  0  0  1  0  1  0  1  0  1  1  0  0  0  0  0  1  0  1  0  1  1  0  1  1  1  1  0  0  0  1  1  0  1  0  1]
[1]
549755955599
549755955599
9343
[1  1  0  1  0  1  0  0  1  0  0  0  1  1  0  1  1  0  1  0  0  1  0  1  0  0  0  0  0  0  0  0  0  0  0  0  0  0  0  0  1]
#
40
[0  0  0  0  1  0  1  0  1  0  1  1  0  1  0  1  1  0  0  1  1  1  0  0  1  0  0  0  0  1  1  1  0  0  1  1  0  1  1  1]
[1  0  1  1  1  1  0  1  1  0  1  1  0  1  0  0  0  1  0  1  1  1  1  1  0  0  1  0  1  1  1  0  0  1  0  1  0  0  0  1]
[0  0  0  0  1  0  0  1  1  1  1  0  1  0  1  1  0  1  1  0  0  1  0  0  0  0  0  0  0  1  1  0  0  1]
[1  0  0  1  0  1  0  0  0  0  0  0  1  0  1  0  0  0  1  0  1  1  0  1  1  1  1  0  0  1  0  0  1  1  1  1  1  0  1]
[1]
[0  1  0  0  1  1  1  0  0  1  0  0  1  1  0  1  0  1  1  1  1  1  0  1  1  0  0  1  0  1  0  0  0  1  0  0  1  1  1  1]
[1  0  1  0  1  0  0  1  0  0  0  1  1  0  0  0  1  1  0  0  1  0  0  0  1  1  0  1  1  0  1  0  1  0  0  1  1  1]
[1]
549755866843
549755866843
9343
[1  1  0  1  0  1  0  0  1  0  0  0  1  1  0  1  1  0  1  0  0  1  0  1  0  0  0  0  0  0  0  0  0  0  0  0  0  0  0  0  1]
#
40
[1  0  1  1  0  1  1  1  0  1  1  0  1  0  1  0  0  1  0  1  1  1  0  1  1  0  1  1  1  0  1  1  1  0  0  0  1  1  1]
[1  1  1  1  0  1  1  1  1  0  1  0  0  0  0  0  0  1  1  0  0  0  1  0  0  1  0  1  1  1  0  0  0  0  0  0  0  1  1]
[0  0  1  1  0  0  0  1  0  1  1  0  1  0  0  0  1  1  1  1  0  1  0  1  0  1  1  0  0  0  0  1  0  0  1  0  1  0  1]
[1  1  0  1  0  0  1  1  1  1  1  0  0  1  1  1  1  0  0  1  1  1  1  1  1  0  1  1  0  1  0  1  1  0  0  0  1  0  1  1]
[1]
[0  1  1  1  0  0  1  0  1  1  1  1  1  0  0  0  1  0  1  0  0  1  0  1  1  1  1  0  1  1  0  0  1  0  0  0  0  1  1  1]
[0  1  1  1  0  1  0  1  0  0  1  1  0  1  0  0  0  1  0  1  0  0  0  1  1  0  1  1  1  1  0  0  0  1  1  1  0  0  0  1]
[1]
549756022379
549756022379
9343
[1  1  0  1  0  1  0  0  1  0  0  0  1  1  0  1  1  0  1  0  0  1  0  1  0  0  0  0  0  0  0  0  0  0  0  0  0  0  0  0  1]
#
40
[1  1  0  0  1  0  0  0  0  1  1  1  0  1  0  0  1  0  0  1  1  1  1  1  1  1  0  1  0  1  0  0  0  1  1  0  1  0  1  1]
[1  0  1  1  0  1  1  1  1  0  0  1  0  0  1  0  1  1  1  0  1  0  1  1  1  1  1  1  1  0  0  0  1  1  1  1  0  1  1]
[0  0  1  1  1  1  1  1  0  0  1  1  1  0  0  0  0  1  1  0  1  0  0  1  1  0  0  0  1  0  1  1  1  1  1  1]
[1  0  1  1  1  1  0  1  1  1  1  1  1  1  1  0  0  0  0  0  0  0  1  1  1  0  1  1  0  0  0  1  0  1  0  0  0  0  1]
[1]
[1  1  0  1  0  0  0  0  0  1  0  0  0  0  1  1  1  1  1  0  0  1  0  0  0  0  1  1  0  0  0  1  1  1  1  1  1  1]
[0  0  0  0  1  1  1  1  1  1  1  0  1  1  1  1  0  1  1  1  0  1  0  1  1  0  1  0  0  0  1  0  1  1  0  1  1  0  1  1]
[1]
549755841979
549755841979
9343
[1  1  0  1  0  1  0  0  1  0  0  0  1  1  0  1  1  0  1  0  0  1  0  1  0  0  0  0  0  0  0  0  0  0  0  0  0  0  0  0  1]
#
40
[0  0  1  1  1  0  1  1  0  1  0  0  1  0  0  0  0  1  1  0  0  1  1  0  0  0  1  0  0  0  1  1  1  0  0  0  1  1  1  1]
[0  1  1  0  0  0  0  1  0  1  1  0  0  0  1  1  1  0  1  1  1  0  1  1  1  0  1  1  1  0  1  1  1  1  0  1  1  1  1]
[0  1  0  1  0  0  1  1  0  0  1  1  0  1  0  1  1  0  1  0  1  0  0  0  0  1  0  1  1  0  1  0  0  0  1  1  1  1  0  1]
[0  0  1  1  0  0  1  0  0  1  0  1  1  1  1  1  1  1  1  1  0  1  0  1  1  1  0  1  0  0  0  0  0  1  1  0  1  0  1]
[1]
[1  1  1  1  1  0  1  0  1  1  1  1  1  1  0  1  0  0  0  1  0  1  0  1  1  1  0  0  0  0  1  0  1  0  0  0  1  1]
[1  0  0  1  1  1  0  0  1  0  0  1  1  0  1  0  0  1  0  0  0  0  1  0  0  0  0  0  1  0  1  1  0  0  1  1  1  0  1  1]
[1]
549756253967
549756253967
9343
[1  1  0  1  0  1  0  0  1  0  0  0  1  1  0  1  1  0  1  0  0  1  0  1  0  0  0  0  0  0  0  0  0  0  0  0  0  0  0  0  1]
#
40
[0  1  0  1  0  1  1  0  1  0  0  1  1  0  0  0  1  1  0  1  0  0  0  0  0  1  0  1  0  0  1  1  0  0  1  1  1  1  0  1]
[0  1  0  0  1  0  1  1  0  0  1  0  1  0  1  0  1  1  0  1  1  1  0  0  0  0  1  0  0  0  0  1  0  0  1  0  1]
[0  0  1  0  0  0  0  0  1  1  1  0  0  0  0  0  0  0  0  0  1  0  1  0  1  1  1  0  0  1  0  0  1  0  0  0  1  1  1]
[1  1  1  0  1  1  0  0  0  0  0  0  0  0  0  0  0  0  1  1  0  0  1  1  0  1  1  0  1  0  1  0  1  1  0  1  1  1  1]
[1]
[0  1  1  0  1  0  1  0  0  1  1  0  1  0  0  1  1  1  0  1  0  1  0  1  0  0  1  0  0  0  0  0  0  1  0  0  1  1]
[1  0  0  0  1  1  1  1  0  1  0  1  0  0  1  1  1  0  0  1  0  0  0  0  0  0  1  0  1  1  1  0  1  0  1  1  0  1]
[1]
549755849023
549755849023
9343
[1  1  0  1  0  1  0  0  1  0  0  0  1  1  0  1  1  0  1  0  0  1  0  1  0  0  0  0  0  0  0  0  0  0  0  0  0  0  0  0  1]
#
40
[1  1  0  0  0  0  1  0  0  1  0  0  0  1  1  1  1  0  0  0  1  0  1  0  0  0  1  0  1  0  1  0  0  0  1  1  0  0  1]
[1  0  1  0  1  1  0  1  1  0  1  0  0  0  1  1  0  1  0  0  1  1  1  1  0  1  1  1  0  0  1  0  1  0  1]
[0  1  1  0  1  1  1  1  1  1  0  0  0  1  0  1  0  0  0  0  0  1  0  0  0  0  1  1  0  0  0  0  0  1  1  1  1]
[0  1  1  1  0  0  1  0  1  1  0  1  1  0  1  0  1  0  0  1  1  0  1  1  0  0  1  1  0  0  1  0  0  0  1  1]
[1]
[0  0  0  1  0  1  1  0  0  1  1  0  0  1  0  1  1  0  0  1  1  1  1  1  1  0  0  1  0  0  1  1  1  1  1  1  1  1  0  1]
[0  1  1  1  1  0  0  0  0  1  1  1  1  0  1  0  1  1  1  0  1  1  1  1  1  0  1  1  1  0  1  0  1  1  0  0  1  1  1]
[1]
549756462581
549756462581
9343
[1  1  0  1  0  1  0  0  1  0  0  0  1  1  0  1  1  0  1  0  0  1  0  1  0  0  0  0  0  0  0  0  0  0  0  0  0  0  0  0  1]
#
40
[1  0  0  1  0  0  0  0  0  1  1  0  0  0  1  1  1  1  0  0  1  1  0  0  1  0  1  1  1  0  1  1  1  1  0  1  1]
[0  1  1  1  1  0  1  0  1  1  0  0  1  1  1  0  1  0  0  0  1  0  1  1  0  0  0  0  1  1  1  1  1  1  1  0  0  0  1  1]
[0  1  1  0  1  0  1  0  1  0  1  0  1  0  1  1  1  1  0  0  0  0  0  0  1  1  0  1  1  1  0  0  0  0  0  1  0  0  1]
[0  1  0  0  1  1  0  0  1  1  0  1  1  1  1  0  0  0  1  1  1  0  1  1  1  1  1  1  1  0  0  1  0  1  0  0  1  0  1]
[1]
[0  0  0  1  0  0  0  0  0  0  0  0  1  1  0  0  0  0  1  0  1  0  0  1  0  0  1  1  0  0  1]
[0  0  0  0  1  1  1  0  1  0  0  0  0  1  1  0  0  1  1  1  1  1  1  0  0  0  0  0  1  0  1  1  1  0  0  1  1  1  1]
[1]
549756621901
549756621901
9343
[1  1  0  1  0  1  0  0  1  0  0  0  1  1  0  1  1  0  1  0  0  1  0  1  0  0  0  0  0  0  0  0  0  0  0  0  0  0  0  0  1]
#
40
[1  0  0  1  0  0  1  0  0  1  1  0  0  0  0  1  1  1  0  1  1  0  1  0  1  1  0  1  0  1  1  1  0  1  1  0  0  1  1]
[1  0  1  0  1  0  0  1  1  0  1  0  1  0  1  0  0  1  0  0  1  1  1  0  0  0  0  1  0  0  1  1  1  1  0  0  1  1  1]
[1  0  0  0  0  0  0  0  0  0  1  1  0  1  1  0  0  0  0  0  1  0  0  1  0  0  1  0  0  1  0  1  0  0  1  0  1  1  1]
[1  1  1  0  1  1  1  0  1  1  1  1  0  1  0  0  1  1  1  0  1  1  0  0  0  0  1  1  1  0  0  0  1  1  1  1  0  1  1  1]
[1]
[0  0  0  0  1  0  1  1  0  0  0  0  1  1  1  1  1  0  1  0  1  0  0  0  0  0  0  1  0  1  1  1  0  1  1  1  1  1  1  1]
[1  0  0  1  0  1  1  0  1  1  1  1  0  0  1  0  0  1  1  0  1  0  1  1  0  1  0  0  1  0  1  1  1  0  0  1  0  0  0  1]
[1]
549756352477
549756352477
9343
[1  1  0  1  0  1  0  0  1  0  0  0  1  1  0  1  1  0  1  0  0  1  0  1  0  0  0  0  0  0  0  0  0  0  0  0  0  0  0  0  1]
#
40
[0  0  1  0  1  1  0  1  0  0  1  0  1  1  1  0  0  0  0  1  0  0  0  1  0  0  0  0  0  1  0  0  1  1  1  0  1  1]
[0  1  0  1  0  1  1  0  1  1  1  1  1  0  0  0  1  1  0  0  1  1  1  1  0  0  1  0  1  1  1  0  0  1  1  0  0  1  1  1]
[0  0  0  0  0  0  1  0  0  1  1  0  1  0  1  1  0  0  1  1  1  0  0  1  0  1  1  1  0  1  0  1  0  1  1  1  1]
[1  1  1  1  0  0  0  1  0  0  1  0  1  0  0  0  1  0  0  1  1  1  0  0  0  0  0  0  1  0  0  0  0  0  0  0  1  0  0  1]
[1]
[0  0  0  1  0  1  1  1  1  0  1  1  1  1  1  0  0  1  0  0  0  0  1  1  1  1  0  0  1  0  0  0  0  1  0  0  1  1  0  1]
[1  1  1  0  0  1  0  1  0  0  0  1  1  0  1  0  1  1  1  0  1  1  1  0  1  0  0  1  0  0  1  1  1  0  0  0  1  0  1]
[1]
549756199217
549756199217
9343
[1  1  0  1  0  1  0  0  1  0  0  0  1  1  0  1  1  0  1  0  0  1  0  1  0  0  0  0  0  0  0  0  0  0  0  0  0  0  0  0  1]
#
40
[1  0  1  0  1  0  0  0  0  1  0  1  0  0  1  1  1  1  1  0  1  0  1  1  1  0  0  1  1  1  0  0  0  1  1  1  1  0  1  1]
[0  1  0  0  1  0  1  0  0  0  0  1  0  1  1  0  1  1  0  1  1  1  1  1  1  0  1  0  1  0  1  0  0  1  1  0  0  1  1  1]
[1  0  0  0  0  1  1  1  0  1  1  1  0  1  1  0  1  0  1  0  1  0  1  0  0  1  0  1  0  0  0  1  1  1  1  1  0  0  1]
[1  1  1  0  0  1  1  1  1  0  0  0  1  0  1  1  1  1  0  1  0  0  1  1  1  0  0  1  0  0  1  0  0  0  1  1  1  1  1]
[1]
[0  1  1  0  1  0  0  0  0  1  0  0  0  1  1  0  1  0  0  1  0  1  1  1  0  0  0  0  1  1  1  0  1  0  1  0  1  0  1]
[0  1  0  1  0  0  0  1  1  1  1  1  1  0  0  1  0  1  0  0  0  0  1  1  0  1  0  0  0  1  1  0  0  1  1  1  1  0  0  1]
[1]
549755933003
549755933003
9343
[1  1  0  1  0  1  0  0  1  0  0  0  1  1  0  1  1  0  1  0  0  1  0  1  0  0  0  0  0  0  0  0  0  0  0  0  0  0  0  0  1]
#
40
[0  0  1  1  1  1  1  0  0  0  1  0  0  1  1  1  1  0  1  0  1  0  0  0  1  1  0  1  1  0  0  1  0  1  1  1  0  0  1  1]
[1  0  1  0  1  1  1  1  0  0  1  0  0  0  0  1  0  0  0  0  0  0  0  1  1  0  0  0  0  1  1  1  1  1  1  0  0  1  1]
[0  0  0  0  0  1  1  1  1  0  0  0  0  1  1  0  0  0  1  0  0  0  0  1  1  1  0  1  0  1  0  1  0  0  1  1  0  0  1  1]
[0  0  0  0  1  0  0  1  0  1  0  0  1  1  0  0  0  1  0  1  0  1  0  1  1  1  1  1  1  1  0  0  1  0  1  0  1]
[1]
[0  1  0  1  1  1  0  1  1  0  1  0  0  0  0  0  1  0  0  1  0  0  1  0  0  1  1  1  0  1  1  1  1  0  1  1]
[1  0  0  1  1  0  0  0  0  1  0  1  1  1  0  0  0  0  1  1  0  1  0  0  0  1  1  1  1  0  1  0  1  1  0  0  1]
[1]
549756236539
549756236539
9343
[1  1  0  1  0  1  0  0  1  0  0  0  1  1  0  1  1  0  1  0  0  1  0  1  0  0  0  0  0  0  0  0  0  0  0  0  0  0  0  0  1]
#
40
[0  1  0  1  0  1  0  0  0  1  0  0  0  1  0  1  0  1  1  1  0  1  1  0  0  0  1  1  0  0  0  0  0  0  0  0  0  0  0  1]
[0  0  1  0  0  1  0  0  0  1  0  1  0  1  1  1  1  1  0  0  0  1  1  1  1  0  0  1  1  0  0  1  1  1  1  0  1]
[1  0  1  0  1  0  0  0  1  1  1  0  1  0  0  0  0  0  1  0  1  0  0  1  0  0  1  1  1  0  0  1  1  0  0  0  1  0  0  1]
[1  1  0  1  1  1  0  1  1  0  0  0  1  1  0  0  1  1  0  1  0  1  0  0  1  0  1  0  1  1  0  0  0  1  0  1  1  1  0  1]
[1]
[1  0  1  0  0  1  1  0  0  1  0  0  1  1  0  1  0  0  0  0  1  1  0  0  1  0  1  0  0  0  0  1  0  0  1  0  0  1  1  1]
[1  1  1  0  1  1  0  0  1  0  1  1  0  1  0  0  0  1  1  0  0  0  1  1  0  0  0  0  0  1  0  1  0  1  0  1  1  0  0  1]
[1]
549756429239
549756429239
9343
[1  1  0  1  0  1  0  0  1  0  0  0  1  1  0  1  1  0  1  0  0  1  0  1  0  0  0  0  0  0  0  0  0  0  0  0  0  0  0  0  1]
#
40
[0  0  0  0  1  1  0  0  0  1  1  1  0  1  1  0  0  0  0  1  1  1  0  0  1  1  1  0  0  0  0  0  0  0  1  1  1  1  0  1]
[1  0  0  0  0  1  1  1  1  1  1  0  1  0  0  0  0  1  0  0  0  1  0  1  1  0  0  0  0  0  1  0  0  1  0  1  0  1  1]
[1  1  0  1  1  0  0  1  1  1  1  1  0  0  0  1  1  1  0  1  1  0  1  1  1  0  1  0  1  1  0  0  0  1  0  0  0  0  1  1]
[1  0  0  0  1  0  0  0  0  1  0  0  1  1  0  1  0  1  0  0  0  0  1  0  0  1  1  1  0  0  1  0  0  1  0  0  0  1  1]
[1]
[0  1  1  1  1  0  0  0  0  1  1  1  0  0  0  1  0  0  1  1  1  1  1  1  1  1  0  1  1  1  0  0  0  0  0  1  1  1]
[0  0  0  1  1  1  0  0  0  1  0  0  1  0  1  1  1  1  0  0  0  0  1  1  0  1  1  0  1  0  1  1  1  0  1  0  0  0  0  1]
[1]
549756171889
549756171889
9343
[1  1  0  1  0  1  0  0  1  0  0  0  1  1  0  1  1  0  1  0  0  1  0  1  0  0  0  0  0  0  0  0  0  0  0  0  0  0  0  0  1]
#
40
[1  1  0  0  1  1  0  0  1  0  0  0  1  1  1  0  1  0  1  0  0  0  1  0  1  1  1  0  0  1  1  1  1  1  1  0  0  0  1]
[1  0  0  0  1  0  1  0  1  0  0  1  1  1  0  1  0  1  0  0  1  1  1  1  1  1  0  1  0  0  0  1  0  1  0  0  1  1  1]
[1  1  0  1  0  1  0  1  0  1  0  0  0  1  0  0  1  0  1  0  1  0  0  0  0  0  1  0  0  0  0  1  1  0  0  1  0  1  1]
[0  0  0  0  1  0  1  1  0  0  0  1  0  1  1  1  0  0  1  0  0  0  0  0  0  1  1  0  0  0  1  1  0  1  0  1  1  1  1]
[1]
[0  0  0  1  1  1  1  0  0  0  1  0  1  0  1  1  1  0  1  0  0  1  0  0  1  1  1  1  1  0  1  0  0  0  1  1  1  1]
[1  1  1  1  0  0  1  1  1  0  0  0  1  1  1  0  1  0  1  1  0  0  0  0  1  1  0  0  0  1  1  0  1  1  0  0  1  1]
[1]
549756637411
549756637411
9343
[1  1  0  1  0  1  0  0  1  0  0  0  1  1  0  1  1  0  1  0  0  1  0  1  0  0  0  0  0  0  0  0  0  0  0  0  0  0  0  0  1]
#
40
[1  1  0  1  1  1  1  1  0  1  0  1  0  1  1  1  1  0  1  1  0  0  1  1  1  0  1  0  0  0  0  0  0  0  0  1  0  1]
[0  0  0  0  1  0  1  1  0  0  0  1  1  1  0  0  1  0  1  1  1  0  1  1  1  1  0  0  0  1  1  1  1  1  1  1  0  1]
[0  1  1  0  0  0  0  0  1  1  1  1  1  1  0  1  1  0  0  0  0  0  0  1  1  0  0  0  0  1  1  0  1  0  0  0  1  1]
[0  0  0  1  0  0  1  1  1  0  0  0  1  1  1  1  0  1  0  0  1  0  0  0  0  1  1  1  0  1  0  1  0  0  0  0  1  0  1]
[1]
[0  0  0  0  1  1  1  0  1  1  1  1  0  1  0  0  1  0  1  1  0  1  1  1  0  1  0  1]
[0  0  0  1  1  0  0  1  1  0  1  1  0  0  1  0  0  0  0  0  1  0  1  1  1  1  0  1  1  1  0  0  1  0  0  0  0  1  1  1]
[1]
549756038059
549756038059
9343
[1  1  0  1  0  1  0  0  1  0  0  0  1  1  0  1  1  0  1  0  0  1  0  1  0  0  0  0  0  0  0  0  0  0  0  0  0  0  0  0  1]
#
40
[0  1  0  0  0  1  1  1  0  0  0  0  0  1  1  1  1  1  0  1  1  1  1  1  0  1  1  1  1  0  0  0  1  1  0  0  0  0  1  1]
[0  1  0  1  0  1  0  0  0  0  1  1  1  0  1  0  1  1  0  0  0  1  1  1  0  1  0  1  1  0  0  0  1  1  1  1  1]
[0  1  1  1  1  1  1  0  1  1  1  0  0  0  0  0  0  0  1  1  1  1  0  0  1  1  0  0  1  1  1  0  0  1  0  0  1  0  1]
[1  1  0  0  1  1  0  1  1  1  1  1  1  0  0  0  1  1  0  1  1  0  0  0  1  0  0  1  1  0  1  1  1  0  0  0  1  0  0  1]
[1]
[1  0  0  1  1  0  1  1  0  1  1  0  1  0  1  0  0  1  0  1  0  1  0  1  1  1  1  1  0  1  0  1  0  1  0  0  0  0  1]
[1  0  0  1  1  1  0  0  0  1  0  0  0  0  0  0  0  1  0  0  1  1  0  0  1  1  0  1  0  1  1  1  1  0  1  1  1  1]
[1]
549756015103
549756015103
9343
[1  1  0  1  0  1  0  0  1  0  0  0  1  1  0  1  1  0  1  0  0  1  0  1  0  0  0  0  0  0  0  0  0  0  0  0  0  0  0  0  1]
#
40
[1  0  0  0  0  0  0  1  1  1  1  0  1  0  0  0  0  1  1  0  1  1  0  0  1  0  0  0  1  1  1  1  0  0  0  0  1]
[0  1  1  1  0  1  1  0  1  0  1  1  0  1  1  1  1  0  1  1  1  0  0  1  1  0  1  0  1  0  1  0  0  0  1  0  0  1  1]
[0  1  0  1  0  1  0  1  0  1  1  0  1  0  1  1  0  1  1  1  0  0  0  0  0  1  0  0  0  1  0  1  1  1  0  0  1]
[1  1  0  1  0  1  1  1  1  1  1  1  0  1  0  1  0  1  0  1  0  1  1  0  0  0  1  1  1  0  1  1  1  1  0  0  1  1  0  1]
[1]
[1  0  0  1  1  1  1  1  0  1  1  0  0  0  0  1  1  0  0  1  1  0  1  1  1  1  0  0  1  0  0  1  0  0  1  0  0  0  0  1]
[0  1  1  0  0  0  1  0  1  1  0  0  1  0  1  1  0  0  1  1  1  1  0  0  0  0  0  0  0  0  0  0  1  1  1  1  1  1]
[1]
549756635569
549756635569
9343
[1  1  0  1  0  1  0  0  1  0  0  0  1  1  0  1  1  0  1  0  0  1  0  1  0  0  0  0  0  0  0  0  0  0  0  0  0  0  0  0  1]
#
40
[1  1  0  0  1  1  0  0  1  0  1  0  1  0  1  0  1  1  0  0  1  1  0  1  0  1  1  0  1  0  0  0  0  0  1  1  0  0  1  1]
[0  0  1  0  1  0  0  0  1  0  1  1  1  1  0  0  0  1  0  1  1  1  1  0  1  0  0  1  1  0  1  1  0  1  0  0  1  1  1  1]
[0  0  1  1  0  1  0  0  0  1  1  0  1  1  1  0  1  1  0  1  0  1  1  1  1  0  0  0  1  1  0  1  1  0  0  0  1  1  0  1]
[0  1  1  1  1  0  1  0  0  0  0  0  1  0  1  1  0  1  0  0  1  0  1  0  0  1  0  0  0  0  0  0  0  0  0  0  1  0  1]
[1]
[1  0  1  0  1  1  0  1  0  0  0  1  1  0  0  1  1  1  0  1  0  0  1  1  0  0  1  0  0  0  0  1  0  1  0  0  0  1]
[0  0  0  1  0  0  1  1  1  0  1  1  0  1  0  0  1  1  1  0  1  1  0  0  0  1  0  1  0  1  1  0  0  1  1  0  1  1]
[1]
549756274667
549756274667
9343
[1  1  0  1  0  1  0  0  1  0  0  0  1  1  0  1  1  0  1  0  0  1  0  1  0  0  0  0  0  0  0  0  0  0  0  0  0  0  0  0  1]
#
40
[1  0  1  1  1  1  0  0  1  0  0  1  1  0  1  1  1  0  0  1  1  0  1  1  0  1  0  1  1  1  0  0  1  1  0  1  1  1]
[1  1  1  0  0  0  1  0  0  1  1  1  0  0  1  0  0  0  1  1  1  0  1  0  0  1  1  1  0  1  0  0  1  0  0  0  1  1  1  1]
[1  1  0  1  0  0  1  0  1  0  0  0  1  0  1  0  0  1  1  0  0  0  1  1  1  0  1  0  1  1  1  1  0  1  1  1  1  0  0  1]
[1  0  0  1  0  1  0  1  0  0  0  0  1  1  0  1  0  1  1  1  1  1  0  1  1  0  0  1  0  1  0  0  0  0  1  1  1  0  1  1]
[1]
[1  1  0  0  0  1  0  0  0  0  1  1  1  0  0  1  1  0  1  0  0  1  1  0  0  1  1  0  1  0  1  0  1  1  1  1  0  1  1  1]
[1  1  0  1  1  1  0  1  1  0  1  1  0  1  1  0  0  0  0  1  0  0  0  0  0  1  0  1  0  0  0  1  1  0  1  1  0  1  1]
[1]
549756266791
549756266791
9343
[1  1  0  1  0  1  0  0  1  0  0  0  1  1  0  1  1  0  1  0  0  1  0  1  0  0  0  0  0  0  0  0  0  0  0  0  0  0  0  0  1]
#
40
[1  0  0  0  1  0  0  1  0  0  1  1  1  0  0  1  1  0  1  1  0  1  1  1  1  0  0  1  0  1  0  0  1  0  1  0  1  1  1]
[0  0  1  0  1  1  1  0  1  1  1  0  1  1  0  0  0  0  0  0  0  1  0  0  0  0  0  0  1  0  1  1  0  1  1  1  1]
[1  0  1  0  1  1  1  1  0  0  0  0  1  0  0  0  0  1  1  1  1  0  1  1  0  0  1  0  1  0  1  0  0  1  0  0  1  0  1]
[1  0  1  1  1  0  1  1  0  0  0  1  0  0  1  0  0  0  0  1  1  0  1  0  0  1  1  0  1  0  1  1  1  0  0  1  0  1  1  1]
[1]
[1  0  0  0  1  0  1  1  1  1  1  0  0  1  0  1  1  0  1  1  1  1  1  0  0  1  1  1  0  1  0  1  0  1]
[1  1  0  0  0  1  1  1  1  0  1  0  1  0  0  1  0  1  0  1  0  1  0  0  1  1  1  1  0  1  0  1  0  1  1  1  0  0  1  1]
[1]
549756089821
549756089821
9343
[1  1  0  1  0  1  0  0  1  0  0  0  1  1  0  1  1  0  1  0  0  1  0  1  0  0  0  0  0  0  0  0  0  0  0  0  0  0  0  0  1]
#
40
[1  1  0  1  0  0  0  0  0  1  0  1  0  0  0  1  1  1  0  1  0  1  1  0  1  0  1  0  0  1  0  1  1  0  1  1  1  0  1  1]
[1  1  0  1  0  0  0  0  1  0  1  0  0  0  0  0  1  0  1  1  1  1  0  0  1  1  1  1  0  0  1  1  1  1]
[0  0  1  0  1  1  1  0  1  1  1  1  1  1  1  0  1  1  1  1  1  1  1  0  1  0  0  1  1  1  0  0  0  0  0  0  0  0  0  1]
[1  1  1  1  0  1  0  1  0  1  1  0  0  0  1  0  0  1  0  0  0  1  0  1  1  0  0  1  1  1  0  0  1  0  1  1  1]
[1]
[1  1  0  1  1  1  0  1  0  0  1  0  0  0  1  0  1  1  0  1  0  0  0  0  1  0  0  1  0  1  1  1  1  1  0  1  1  1  0  1]
[0  0  0  0  0  0  1  0  1  0  0  0  1  0  0  0  0  0  1  1  0  0  1  0  1  0  0  0  0  1  0  0  1  0  1  0  0  0  1  1]
[1]
549756138671
549756138671
9343
[1  1  0  1  0  1  0  0  1  0  0  0  1  1  0  1  1  0  1  0  0  1  0  1  0  0  0  0  0  0  0  0  0  0  0  0  0  0  0  0  1]
#
40
[1  1  0  0  1  0  0  1  1  0  1  1  1  1  1  0  1  1  1  0  1  1  0  0  0  1  0  0  0  0  0  1  1  1  0  0  1  1]
[0  1  1  1  0  0  0  0  0  0  1  0  1  0  1  0  1  0  1  1  1  0  0  0  1  0  0  0  1  0  1  1  1  1  1  0  0  1  1  1]
[1  0  1  1  1  0  0  0  1  0  1  1  0  1  1  1  1  0  0  0  0  1  0  0  0  0  0  1  1  0  0  0  0  1]
[1  1  1  1  1  0  0  0  0  0  0  0  1  1  0  1  0  0  0  1  1  0  0  1  1  1  1  1  1  0  1  0  0  1  0  1  1  1  1  1]
[1]
[0  0  1  1  0  1  1  0  1  0  0  0  1  0  1  0  0  0  0  1  0  0  1  0  1  1  1  0  1  0  0  1  1  1  1  1  1  0  1  1]
[0  0  1  1  1  0  1  0  1  0  0  0  1  1  1  0  0  1  1  1  0  1  0  0  1  0  0  1  0  0  1  0  0  1  0  0  0  0  0  1]
[1]
549756164333
549756164333
9343
[1  1  0  1  0  1  0  0  1  0  0  0  1  1  0  1  1  0  1  0  0  1  0  1  0  0  0  0  0  0  0  0  0  0  0  0  0  0  0  0  1]
#
40
[0  1  1  0  1  0  1  0  1  0  0  1  1  0  0  1  0  1  1  1  1  1  1  0  0  0  1  1  0  0  0  1  0  1  0  0  0  1  1]
[1  0  0  0  1  0  0  1  1  0  1  0  0  1  1  0  1  0  0  0  0  1  1  1  0  1  1  1  0  0  1  0  0  0  0  1  1  1  1]
[1  0  0  0  1  0  0  0  1  0  0  0  1  1  0  0  1  1  1  1  1  0  1  1  1  0  1  0  0  0  1  1  0  0  1  1  0  1]
[1  1  1  1  1  0  0  0  1  0  1  0  0  0  0  0  1  0  1  1  0  0  0  0  1  1  1  1  0  1  0  1  0  0  1  1  0  0  0  1]
[1]
[1  1  1  0  0  1  1  1  0  1  1  0  1  1  1  1  1  1  1  1  0  0  1  0  0  1  1  1  1  1  0  0  1  1  0  1  1  1  1  1]
[1  1  1  1  0  0  0  0  1  1  1  1  1  0  0  0  1  1  1  0  1  1  0  1  1  0  1  0  1  1  1  0  1  1  0  0  1  0  0  1]
[1]
549756476779
549756476779
9343
[1  1  0  1  0  1  0  0  1  0  0  0  1  1  0  1  1  0  1  0  0  1  0  1  0  0  0  0  0  0  0  0  0  0  0  0  0  0  0  0  1]
#
40
[1  1  0  1  1  1  0  1  1  0  0  1  0  0  1  0  1  0  1  1  0  0  1  0  1  1  0  0  1  0  0  1  1  1  0  0  1  0  1  1]
[1  1  0  0  1  1  1  0  0  0  0  1  1  1  0  1  1  1  0  1  1  0  1  1  0  0  0  0  0  1  1  0  1  0  1  0  1]
[1  1  0  1  1  1  0  0  1  0  0  1  0  0  1  1  1  1  1  1  0  0  1  1  1  1  0  0  1  1  0  0  0  1  0  0  1  1  1]
[1  0  0  1  0  0  1  1  1  0  1  1  0  1  1  1  0  0  0  1  0  1  1  0  0  1  1  0  0  0  0  1  1  0  0  0  1]
[1]
[0  0  1  1  1  0  1  0  1  1  1  0  1  0  1  1  0  1  1  1  0  1  0  0  1  0  0  0  0  0  0  1  1  0  1  0  1  1  1  1]
[0  0  0  1  1  1  0  0  0  1  1  0  0  0  0  1  1  1  0  0  1  0  1  1  1  0  0  1  1  0  1  0  0  0  0  0  0  1]
[1]
549756297407
549756297407
9343
[1  1  0  1  0  1  0  0  1  0  0  0  1  1  0  1  1  0  1  0  0  1  0  1  0  0  0  0  0  0  0  0  0  0  0  0  0  0  0  0  1]
#
40
[0  0  1  0  1  1  0  0  0  1  1  0  1  1  1  1  1  1  0  1  1  0  0  0  0  0  0  0  1  1  1  1  0  0  1  1  0  1  0  1]
[1  0  1  0  0  0  1  1  1  1  0  1  0  1  1  1  1  0  1  0  1  0  0  1  1  0  0  0  1  1  1  1  0  0  0  1  1  1  1]
[0  0  1  0  1  1  1  1  1  0  1  1  1  1  0  0  1  1  1  0  1  1  1  0  1  1  0  1  1  1  1  1  0  1  0  1  0  0  1]
[1  1  0  0  0  1  1  1  0  1  1  0  0  0  1  1  1  0  0  1  0  0  1  0  0  1  1  1  0  0  1  0  0  0  1  1  1  0  0  1]
[1]
[0  0  0  0  0  0  0  1  0  0  0  1  0  1  0  1  1  1  1  0  1  1  1  1  0  1  1  0  1  1  0  1  0  1  0  1  0  0  0  1]
[0  1  0  0  1  1  1  0  0  1  1  0  1  0  0  0  1  1  1  0  1  1  1  0  0  0  0  0  1  1  1  1  0  0  0  1  1  1  1  1]
[1]
549756132703
549756132703
9343
[1  1  0  1  0  1  0  0  1  0  0  0  1  1  0  1  1  0  1  0  0  1  0  1  0  0  0  0  0  0  0  0  0  0  0  0  0  0  0  0  1]
#
40
[0  0  0  0  1  0  0  1  0  0  1  0  0  0  0  0  0  0  0  0  0  0  1  1  1  1  0  1  1  1  0  0  1  0  0  1  0  0  0  1]
[1  1  1  0  1  0  0  1  1  0  1  1  0  1  1  0  0  1  0  1  0  0  0  1  1  1  0  0  1  0  0  0  0  0  0  0  0  0  1  1]
[0  0  1  1  1  1  0  0  0  0  0  1  0  1  1  1  0  0  0  1  1  0  0  1  0  0  0  0  1  1  1  1  1  1  0  1  0  0  1  1]
[1  0  0  1  0  0  1  0  0  1  1  1  0  0  0  1  1  0  0  0  0  1  1  0  0  1  0  1  0  0  1  1  1  1  0  0  0  0  1]
[1]
[1  0  0  1  1  1  0  1  0  1  1  1  1  1  0  0  0  1  1  1  1  0  0  0  0  0  0  0  1  1  1  1  1  0  0  1  1]
[1  1  1  0  0  1  1  0  1  0  1  1  1  1  0  1  0  1  1  0  0  1  1  0  0  0  1  0  1  0  0  0  1  0  1  1  1  1  0  1]
[1]
549755842789
549755842789
9343
[1  1  0  1  0  1  0  0  1  0  0  0  1  1  0  1  1  0  1  0  0  1  0  1  0  0  0  0  0  0  0  0  0  0  0  0  0  0  0  0  1]
#
40
[1  0  1  1  0  0  1  0  1  1  1  1  0  1  1  1  0  0  0  1  0  1  1  1  1  1  1  0  0  1  1  0  1  0  1  0  0  1  1  1]
[1  1  0  0  1  1  1  0  1  1  1  1  0  1  0  1  0  0  0  1  0  1  1  1  1  0  0  1  0  1  0  0  1  1  0  0  1  0  0  1]
[1  0  0  1  0  0  0  1  0  1  0  0  0  1  1  1  0  0  1  1  1  1  0  0  1  0  0  1  1  1  1  1  0  1  1  0  1  1  1]
[1  0  1  0  1  0  1  0  0  0  0  1  0  1  0  1  1  0  1  1  0  0  0  0  0  0  1  0  0  0  0  1  1  0  0  0  1  0  0  1]
[1]
[1  1  1  1  0  0  1  1  1  0  0  1  0  0  1  1  1  0  1  1  1  1  0  0  1  0  0  0  1  1  0  1  0  1  0  1  0  1]
[1  1  1  0  1  0  1  0  1  0  1  0  0  1  0  1  1  1  0  1  0  0  0  1  0  0  0  1  1  0  0  1  0  1  0  0  0  1  1]
[1]
549756516073
549756516073
9343
[1  1  0  1  0  1  0  0  1  0  0  0  1  1  0  1  1  0  1  0  0  1  0  1  0  0  0  0  0  0  0  0  0  0  0  0  0  0  0  0  1]
#
40
[0  0  1  1  0  1  0  0  1  1  1  1  0  0  0  1  1  1  1  1  1  0  1  1  0  0  0  0  1  0  0  1  0  0  0  0  0  0  1  1]
[1  0  0  1  0  0  0  1  0  0  1  0  0  0  0  1  0  1  1  0  0  0  0  1  0  1  0  0  1  1  1  1  0  1  1  0  0  1  1]
[1  0  0  0  1  1  1  1  1  1  0  1  1  1  0  0  0  1  0  0  1  1  1  1  0  0  0  0  1  0  1  0  1  1  0  1  1  1  0  1]
[0  1  0  0  1  0  0  1  1  0  0  1  0  1  1  1  0  1  1  1  0  0  1  0  0  0  0  1  0  1  0  1  0  1  0  1  0  1  1  1]
[1]
[1  0  0  1  0  0  0  1  1  1  1  1  0  0  1  1  0  1  1  1  0  1  1  1  1  0  0  0  0  0  1  0  1  1  1  1  0  0  1  1]
[0  0  0  1  0  0  0  0  0  1  1  0  0  0  1  0  0  1  1  0  0  0  0  0  0  1  1  0  0  0  0  1  1  0  1  1  0  1]
[1]
549756463691
549756463691
9343
[1  1  0  1  0  1  0  0  1  0  0  0  1  1  0  1  1  0  1  0  0  1  0  1  0  0  0  0  0  0  0  0  0  0  0  0  0  0  0  0  1]
#
40
[0  0  0  0  0  1  1  0  1  0  0  0  1  1  1  1  0  0  1  1  0  0  1  0  0  0  0  0  1  1  0  0  1  1  0  1  1  0  1  1]
[1  0  1  1  0  0  0  0  0  1  1  0  0  0  1  0  0  0  1  1  1  0  0  0  1  1  1  1  0  1  0  1  1  0  0  1  1  1  1]
[0  0  1  1  0  0  0  1  0  1  0  0  1  1  1  1  1  1  0  0  0  1  0  0  0  1  1  0  0  1  0  1  0  0  1  0  1  1  1]
[1  1  0  1  0  0  1  0  1  1  1  0  0  0  0  0  1  0  1  0  0  0  1  0  1  0  1  1  1  0  0  1  1  0  0  0  0  0  1]
[1]
[0  1  1  0  0  0  1  1  0  1  0  0  0  0  1  0  0  0  0  0  1  1  0  0  0  0  1  1  0  1  1  0  0  0  0  1  0  1]
[0  1  0  0  1  0  0  1  0  0  1  0  1  1  0  1  1  1  1  1  0  0  0  1  1  0  1  0  0  1  0  0  0  0  1  1  0  0  0  1]
[1]
549756041941
549756041941
9343
[1  1  0  1  0  1  0  0  1  0  0  0  1  1  0  1  1  0  1  0  0  1  0  1  0  0  0  0  0  0  0  0  0  0  0  0  0  0  0  0  1]
#
40
[0  0  1  0  1  0  0  0  1  0  0  1  0  1  1  1  0  1  1  1  0  1  1  0  1  0  0  0  0  0  1  0  1  1  0  1  0  1  1  1]
[0  1  1  1  1  0  1  1  0  1  1  0  0  1  1  0  0  1  0  1  1  1  1  0  1  1  1  1  1  1  0  0  0  1  1  1  0  1]
[1  0  0  1  0  1  0  1  0  1  1  0  1  0  0  1  0  1  1  0  0  1  1  0  1  1  0  0  1  1  1  1  1  0  1  0  1  0  0  1]
[1  1  1  1  0  0  0  0  0  0  0  1  1  0  1  0  0  1  0  0  1  1  0  1  1  0  0  0  1  1  1  0  1  0  1  0  0  1  0  1]
[1]
[0  0  0  1  0  1  0  0  1  1  0  1  1  0  0  0  1  0  1  1  1  0  1  0  0  1  1  0  0  0  1  0  1  1  0  1  1]
[1  0  1  0  0  1  0  1  1  0  1  1  1  1  1  0  1  1  1  1  0  0  1  0  1  0  1  1  1  1  1  0  1  1  1]
[1]
549756269963
549756269963
9343
[1  1  0  1  0  1  0  0  1  0  0  0  1  1  0  1  1  0  1  0  0  1  0  1  0  0  0  0  0  0  0  0  0  0  0  0  0  0  0  0  1]
#
40
[1  1  0  1  1  1  0  1  0  1  0  1  1  1  1  1  0  0  0  0  0  0  0  0  0  1  1  1  0  1  1  1  0  1  0  1  1  1  1  1]
[0  0  0  1  1  1  1  0  1  1  0  0  0  1  0  1  0  1  0  1  1  1  0  1  0  1  1  0  1  0  1  1  0  1  0  0  0  0  1]
[0  0  0  1  1  1  1  1  0  1  1  1  0  0  0  0  0  0  0  0  0  0  1  1  0  1  0  1  1  1  0  1  1  1  1  1  1  0  1  1]
[0  1  0  1  0  1  0  1  0  0  1  1  0  1  0  1  1  1  0  1  1  1  1  1  1  0  0  0  1  1  0  0  1  1  1  0  0  0  1  1]
[1]
[0  1  1  1  1  0  1  1  1  1  0  0  1  0  0  1  1  1  0  1  0  1  0  0  1  1  1  0  1  0  1  1  1  0  0  0  0  1  1]
[0  1  1  0  0  1  0  0  0  1  0  1  0  0  1  1  1  0  0  1  1  0  0  0  1  0  1  0  0  1  0  0  0  1  0  1  0  1  0  1]
[1]
549756299381
549756299381
9343
[1  1  0  1  0  1  0  0  1  0  0  0  1  1  0  1  1  0  1  0  0  1  0  1  0  0  0  0  0  0  0  0  0  0  0  0  0  0  0  0  1]
#
40
[1  1  1  1  1  0  0  0  1  0  1  0  0  0  0  1  1  0  0  1  1  1  1  1  1  1  0  1  0  0  1  1  0  0  1  1  1  1  1  1]
[0  1  1  1  0  0  1  0  0  0  1  1  1  1  0  1  1  0  0  1  1  1  1  0  0  1  0  0  1  1  1  1  1  0  0  1  1  0  0  1]
[1  1  0  1  0  0  0  0  0  0  1  0  0  1  0  0  1  0  1  0  0  1  0  1  0  1  1  1  0  0  0  1  1  1  0  0  0  0  1  1]
[1  1  0  0  0  1  1  0  1  0  1  1  0  1  1  0  0  0  1  1  0  0  0  0  0  1  1  0  1  1  1  1  0  0  1]
[1]
[0  0  1  1  0  1  0  1  1  0  0  1  0  1  0  0  0  1  1  0  0  0  1  1  0  1  1  1  0  1  1  1  1  0  0  0  1]
[1  1  1  0  1  0  0  0  0  1  0  1  0  0  1  0  0  1  0  0  0  0  0  1  1  1  1  1  0  1  0  0  1]
[1]
549755958971
549755958971
9343
[1  1  0  1  0  1  0  0  1  0  0  0  1  1  0  1  1  0  1  0  0  1  0  1  0  0  0  0  0  0  0  0  0  0  0  0  0  0  0  0  1]
#
40
[0  0  0  1  0  0  1  0  0  1  1  0  1  1  1  1  0  0  1  0  1  0  1  1  1  0  1  1  0  0  1  1  1  0  1  1  0  0  0  1]
[1  0  0  0  1  0  0  0  1  0  0  0  1  0  0  0  1  0  1  0  0  1  0  1  0  0  0  1  1  0  1  0  1  0  0  1  1  1  1]
[1  0  0  0  1  0  0  0  1  1  0  1  0  0  1  1  1  1  1  0  1  0  1  0  0  0  1  1  1  1  1  1  1  0  1  1  0  1]
[1  0  0  0  0  0  1  0  0  0  1  1  0  0  1  0  0  1  1  0  0  1  1  1  1  0  0  0  0  0  0  0  1  1  0  0  0  1  1  1]
[1]
[1  0  1  1  0  0  0  0  1  0  0  0  0  1  0  0  1  0  0  0  0  0  1  0  0  1  1  1  1  0  1  1  0  0  1  0  0  1  1  1]
[1  0  0  0  0  1  0  0  0  0  1  1  0  0  0  0  1  1  1  1  0  1  1  0  0  1  1  1  0  1  1  1  0  0  0  0  0  0  1  1]
[1]
549756438713
549756438713
9343
[1  1  0  1  0  1  0  0  1  0  0  0  1  1  0  1  1  0  1  0  0  1  0  1  0  0  0  0  0  0  0  0  0  0  0  0  0  0  0  0  1]
#
40
[1  0  0  1  1  0  1  1  1  0  0  1  0  0  0  1  0  1  0  0  0  1  1  1  0  0  0  0  1  1  1  1  1  1  0  1  0  0  1]
[1  0  0  1  1  0  1  1  1  1  1  0  0  0  0  0  1  1  1  0  0  0  0  1  1  1  0  0  0  1  1  0  0  1  0  0  0  0  1]
[1  1  1  0  1  1  1  0  1  0  0  1  0  0  0  1  1  0  0  1  1  1  0  1  0  1  1  1  0  0  1  0  1  1  0  1  1  0  1  1]
[0  0  1  0  1  0  1  1  1  1  1  1  0  0  0  1  1  0  0  0  1  0  0  1  1  0  0  0  1  0  1  1  1  0  0  0  0  0  1  1]
[1]
[1  1  1  0  1  1  1  1  0  1  0  0  1  0  1  0  0  0  1  0  0  1  1  0  1  1  1  1  1  0  0  0  0  0  1  1  1  0  1  1]
[0  0  1  0  1  0  0  1  0  1  1  0  1  1  0  1  0  1  0  1  0  1  1  1  1  1  0  0  1  1  1  1  0  1  1  1]
[1]
549756723487
549756723487
9343
[1  1  0  1  0  1  0  0  1  0  0  0  1  1  0  1  1  0  1  0  0  1  0  1  0  0  0  0  0  0  0  0  0  0  0  0  0  0  0  0  1]
#
40
[0  0  1  0  0  1  1  1  1  0  0  1  0  1  0  0  1  1  0  0  1  1  1  0  0  0  0  1  0  0  0  0  0  0  1  1  1  1  0  1]
[0  1  1  1  1  0  0  1  1  0  0  1  0  0  1  0  0  0  0  0  0  0  0  0  1  1  0  1  1  1  1  1  1  1  1  1  1  1  0  1]
[0  1  1  1  1  1  0  0  1  1  1  1  0  0  0  1  0  0  0  1  1  0  1  1  0  1  0  0  1  0  0  1  1  0  1  1  1  0  1  1]
[0  0  1  0  0  1  1  0  0  1  1  0  1  1  1  0  0  0  0  0  0  1  1  1  0  1  1  1  1  0  0  1  1  1  1  1  0  1  1]
[1]
[0  1  0  0  1  1  1  0  1  0  1  0  0  1  0  0  1  0  0  1  0  0  1  1  0  1  0  0  1  0  1  0  1  1  0  1  0  1  1  1]
[1  0  1  1  0  0  0  1  0  0  0  0  1  1  1  0  1  1  0  0  1  0  1  1  1  0  1  0  1  1  1  1  1  0  1  0  0  1  1  1]
[1]
549756485671
549756485671
9343
[1  1  0  1  0  1  0  0  1  0  0  0  1  1  0  1  1  0  1  0  0  1  0  1  0  0  0  0  0  0  0  0  0  0  0  0  0  0  0  0  1]
#
40
[0  0  1  0  1  1  1  0  0  1  1  1  0  0  0  1  1  1  0  1  0  1  1  1  1  0  1  0  1  1  1  1  0  1  1  1  1  1  0  1]
[0  1  1  0  1  1  1  0  0  0  1  1  0  1  0  1  1  1  1  0  0  0  1  0  0  0  0  0  0  0  0  1  0  1  0  1  0  1  1]
[1  1  1  1  0  1  1  0  0  0  0  0  1  0  1  1  1  1  1  0  0  1  1  0  1  0  0  0  0  1  0  0  1  1  0  0  0  1  1]
[1  1  0  0  1  0  0  0  1  1  0  1  1  1  1  0  1  1  0  1  0  0  0  1  1  0  0  0  0  1  0  0  1  0  0  0  0  1  1  1]
[1]
[0  1  0  1  0  1  1  1  0  1  1  0  0  1  1  0  1  1  1  1  1  1  1  0  1  1  1  0  1  1  0  1  0  1  1  0  1  0  1]
[1  1  0  1  0  1  0  0  1  1  1  1  1  1  1  1  1  1  0  0  0  1  0  0  0  1  0  0  0  0  0  0  0  0  1  0  1  1  1]
[1]
549756255277
549756255277
9343
[1  1  0  1  0  1  0  0  1  0  0  0  1  1  0  1  1  0  1  0  0  1  0  1  0  0  0  0  0  0  0  0  0  0  0  0  0  0  0  0  1]
#
40
[1  1  0  0  0  0  0  1  0  0  1  1  0  1  0  1  0  1  1  0  1  0  0  0  1  0  0  0  1  1  1  0  1]
[1  0  1  0  1  1  0  1  1  1  0  1  1  0  0  0  0  0  1  1  1  1  0  0  0  1  1  1  1  1  1  1  0  0  0  1  1]
[0  0  1  1  1  1  1  1  0  0  0  0  1  0  1  1  0  0  0  1  0  1  0  0  0  1  1  0  1  1  1  0  0  0  0  1  0  1  1  1]
[0  1  1  1  1  0  0  1  1  0  0  0  1  0  0  0  0  0  0  1  1  0  1  0  1  1  0  0  0  1  1  1  1  1  1  0  1  0  0  1]
[1]
[0  1  0  1  1  0  0  0  0  1  0  0  1  0  0  1  1  1  0  0  1  0  0  0  0  1  0  1  1  0  0  0  1  1  1  1  1  0  0  1]
[0  0  0  1  1  1  0  1  0  0  0  0  1  1  0  1  1  0  1  0  1  0  0  0  0  1  0  0  1  0  0  1]
[1]
549756138709
549756138709
9343
[1  1  0  1  0  1  0  0  1  0  0  0  1  1  0  1  1  0  1  0  0  1  0  1  0  0  0  0  0  0  0  0  0  0  0  0  0  0  0  0  1]
#
40
[1  0  1  1  0  1  0  0  1  0  0  0  1  0  0  1  0  1  0  0  1  1  0  1  0  1  0  1  0  1  0  0  1  1  1  0  0  0  1]
[1  1  0  0  1  0  0  1  1  0  0  0  1  0  0  0  1  1  1  0  1  0  0  0  1  0  0  1  1  1  1  1  0  1  0  0  1  1]
[1  1  0  0  0  0  1  0  1  0  0  1  0  1  0  1  1  1  0  1  1  1  0  1  0  1  1  1  0  1  0  0  1  0  1  0  0  1  1  1]
[1  1  1  0  0  1  1  1  1  1  0  0  0  0  1  0  1  0  0  1  0  0  0  0  0  1  1  1  0  0  1  1  1  0  0  1  0  0  1]
[1]
[0  0  0  1  0  1  1  0  0  1  0  0  1  0  0  0  1  1  1  0  0  1  0  1  0  0  1  0  0  0  1  0  1  1  0  1  1  0  1  1]
[0  1  1  0  1  0  0  1  1  1  0  0  1  1  0  0  0  1  0  0  1  1  0  1  0  0  0  1  0  1  0  1  1  0  1  0  1  1  1  1]
[1]
549755884303
549755884303
9343
[1  1  0  1  0  1  0  0  1  0  0  0  1  1  0  1  1  0  1  0  0  1  0  1  0  0  0  0  0  0  0  0  0  0  0  0  0  0  0  0  1]
#
40
[1  0  0  0  0  1  0  0  1  0  0  0  1  0  0  1  0  0  0  1  0  0  1  1  1  0  0  0  1  1  1  1  0  0  0  0  1  1  1  1]
[0  0  1  0  0  1  1  1  1  0  0  0  0  0  0  0  1  0  1  0  0  1  0  0  0  1  0  0  0  0  0  1  0  1  1  0  0  1  0  1]
[1  1  0  1  0  1  1  1  1  0  1  1  0  1  0  1  1  1  1  1  0  0  0  0  0  0  0  0  0  0  0  0  1  0  1  1  1  1]
[1  1  0  0  0  0  0  0  1  1  1  1  1  0  0  1  0  1  1  0  1  0  0  1  0  1  0  0  1  1  0  1  1  0  1  0  0  1  1]
[1]
[1  1  0  0  0  0  0  0  1  0  1  0  0  0  0  0  0  1  0  0  0  1  0  1  1  1  1  0  0  0  0  1  0  1  1  1  1  1  0  1]
[0  0  1  0  0  0  1  0  1  0  0  1  0  0  1  0  1  0  1  0  1  0  1  1  1  0  0  1  0  1  1  1  0  1  0  1  0  0  1  1]
[1]
549756108107
549756108107
9343
[1  1  0  1  0  1  0  0  1  0  0  0  1  1  0  1  1  0  1  0  0  1  0  1  0  0  0  0  0  0  0  0  0  0  0  0  0  0  0  0  1]
#
40
[0  0  1  1  1  1  0  0  0  1  0  0  1  1  0  0  0  1  1  1  1  1  0  1  1  0  0  0  0  1  0  1  0  1  1  1  1  1]
[1  1  0  0  1  1  1  0  1  1  0  1  1  1  0  1  0  1  0  1  0  0  1  0  0  1  0  0  1  1  0  0  0  0  0  1  1  0  1  1]
[0  1  1  0  0  0  1  0  0  1  1  0  0  1  0  1  1  0  0  0  0  0  1  1  1  1  1  1  0  0  0  1  0  0  1  0  1  0  0  1]
[0  1  0  1  0  1  0  0  1  1  0  0  1  1  0  0  0  0  1  0  1  1  1  1  1  1  0  1  1  1  0  1  1  0  1  1  1  1]
[1]
[1  0  0  0  0  1  0  0  1  1  0  1  0  1  1  1  0  1  0  1  0  1  1  1  1  0  1  1  0  1  0  1  0  0  0  0  1  1  1]
[0  1  0  0  1  0  0  1  1  1  0  0  1  1  0  1  0  0  1  1  0  0  0  1  1  1  1  0  0  0  0  1  0  1  0  0  1  0  1]
[1]
549756468827
549756468827
9343
[1  1  0  1  0  1  0  0  1  0  0  0  1  1  0  1  1  0  1  0  0  1  0  1  0  0  0  0  0  0  0  0  0  0  0  0  0  0  0  0  1]
#
40
[1  0  0  1  0  0  0  0  0  0  0  1  0  0  0  0  1  0  1  1  1  0  1  0  0  1  1  0  0  0  0  1  0  1  0  0  0  1]
[0  0  0  1  1  1  1  0  1  1  0  0  1  1  1  1  1  0  0  0  0  1  0  1  0  1  1  0  0  1  0  1  1  1  0  0  1  0  1]
[0  1  0  1  0  0  1  0  1  1  1  0  1  0  1  0  1  0  0  1  1  0  1  0  1  0  0  0  1  0  1  1  0  0  1  0  1  0  1  1]
[1  0  1  1  1  1  0  0  0  0  1  0  0  0  1  0  0  0  0  1  0  1  1  1  0  1  0  1  0  1  0  1  1  0  1  0  1  1  0  1]
[1]
[1  1  1  0  1  0  1  1  1  1  1  0  1  1  1  0  0  0  0  1  0  1  0  0  0  1  1  0  0  1  0  1  1  0  0  0  0  1]
[1  1  0  0  1  1  1  1  0  1  1  0  1  0  0  0  0  0  0  1  0  1  1  0  0  1  0  1  1  0  1  1  0  1  0  0  0  0  0  1]
[1]
549756572389
549756572389
9343
[1  1  0  1  0  1  0  0  1  0  0  0  1  1  0  1  1  0  1  0  0  1  0  1  0  0  0  0  0  0  0  0  0  0  0  0  0  0  0  0  1]
#
40
[1  0  1  0  1  0  0  0  0  1  0  0  1  0  1  1  1  0  0  1  0  1  0  0  1  0  0  0  1  0  1  1  1  0  1  1]
[1  1  0  1  0  0  1  0  1  0  0  0  0  1  1  0  1  0  1  1  0  1  0  1  0  0  0  1  0  0  0  1  0  0  0  1  0  1  0  1]
[0  0  0  1  0  0  0  0  0  1  0  0  1  0  1  1  1  0  1  1  0  0  1  1  0  0  0  1  0  1  0  0  1  1  0  0  0  0  1]
[0  1  0  1  0  1  0  1  0  0  0  1  0  0  1  0  0  0  0  0  0  1  0  1  1  1  1  1  1  1  1  1  1  1  1  1  1  0  1]
[1]
[1  1  0  0  0  1  1  1  0  0  0  0  1  1  0  1  0  1  1  1  1  0  0  1  1  0  1  1  1  1  1  1  0  0  1  0  0  0  1]
[0  0  1  1  0  0  1  1  0  1  0  0  1  1  1  0  0  1  0  1  1  0  1  1  1  1  0  1  1  0  1  0  0  1  0  1  1  1  1]
[1]
549755892601
549755892601
9343
[1  1  0  1  0  1  0  0  1  0  0  0  1  1  0  1  1  0  1  0  0  1  0  1  0  0  0  0  0  0  0  0  0  0  0  0  0  0  0  0  1]
#
40
[1  0  0  1  1  0  0  1  0  0  0  1  0  0  0  0  1  1  1  0  1  1  1  1  1  1  0  0  1  0  1  1  0  1  0  1  1]
[1  1  1  1  0  0  1  1  1  1  1  1  0  0  0  0  1  1  1  1  1  0  1  0  0  1  1  0  1  1  1  0  1  1  0  1  1  0  0  1]
[1  1  0  0  0  0  1  0  0  0  0  0  0  1  0  1  0  0  0  1  1  1  0  0  0  1  1  0  1  0  0  0  0  1  0  0  0  1  0  1]
[0  0  1  0  1  0  0  1  1  1  0  0  1  0  1  1  1  1  0  1  1  1  1  1  1  1  1  0  0  0  0  1  1  0  0  1  1  0  1  1]
[1]
[1  0  1  1  1  0  0  0  0  1  0  1  0  0  0  0  0  1  0  0  1  0  1  1  1  1  0  0  0  0  0  0  1  1  0  1  1  1  1  1]
[0  1  0  0  0  0  0  0  0  0  0  1  0  0  0  1  1  1  0  0  1  0  0  1  0  1  1  1  0  0  0  0  1  1  1  1  0  1]
[1]
549756828097
549756828097
9343
[1  1  0  1  0  1  0  0  1  0  0  0  1  1  0  1  1  0  1  0  0  1  0  1  0  0  0  0  0  0  0  0  0  0  0  0  0  0  0  0  1]
#
40
[1  1  1  0  0  1  1  0  0  1  0  0  0  1  1  0  1  1  0  0  1  0  0  1  1  1  1  0  1  1  0  1  0  1  1]
[0  1  0  1  0  0  0  1  1  1  1  0  1  0  1  0  1  1  0  0  0  0  0  0  0  0  0  1  1  0  0  1  1  0  1  0  0  0  1]
[0  1  0  1  0  1  1  0  0  1  1  1  0  1  0  1  1  0  0  1  1  0  1  0  1  0  0  1  0  1  1  0  0  0  1  1  1  0  1]
[0  0  0  1  1  0  1  1  1  0  1  1  0  1  1  0  0  0  1  1  1  1  0  0  1  0  1  1  0  1  1  1  1  0  1  0  0  1]
[1]
[1  1  1  1  1  0  1  1  1  1  0  0  0  1  1  1  0  0  0  1  0  1  0  0  1  0  1  0  0  1  0  0  1  0  0  0  1  1  1  1]
[0  1  0  1  0  1  1  0  0  0  0  0  1  0  0  0  1  0  0  1  1  1  1  0  1  0  1  0  0  0  0  0  1  0  1  0  0  1  1]
[1]
549755875397
549755875397
9343
[1  1  0  1  0  1  0  0  1  0  0  0  1  1  0  1  1  0  1  0  0  1  0  1  0  0  0  0  0  0  0  0  0  0  0  0  0  0  0  0  1]
#
40
[0  1  0  1  0  0  0  1  0  1  0  1  0  1  0  0  0  1  1  0  1  1  1  1  1  0  1  1  1  0  0  0  0  0  1  0  1  1  1  1]
[0  1  1  0  0  0  1  1  1  1  0  0  0  1  0  0  1  0  0  0  0  1  1  0  0  1  0  0  1  1  1  0  1  0  0  0  1  0  1]
[0  1  0  1  0  0  1  0  0  0  1  1  1  1  0  0  1  0  1  0  1  1  0  1  1  0  0  1  0  0  0  1  0  1  1  1]
[0  1  0  1  0  1  1  0  1  0  1  0  1  0  1  1  0  1  0  1  1  1  1  0  0  1  0  1  1  1  1  0  0  1  0  0  1  0  1  1]
[1]
[0  0  1  1  1  0  0  0  1  0  0  0  1  1  1  0  1  0  0  1  0  0  0  1  1  1  0  1  1  0  1  0  0  1  1  0  0  1]
[0  0  1  0  0  0  0  1  0  1  0  1  1  0  0  1  0  1  1  1  1  1  0  0  0  0  0  1  1  0  1  0  1  0  1]
[1]
549756504029
549756504029
9343
[1  1  0  1  0  1  0  0  1  0  0  0  1  1  0  1  1  0  1  0  0  1  0  1  0  0  0  0  0  0  0  0  0  0  0  0  0  0  0  0  1]
#
40
[1  0  0  0  0  1  0  1  0  0  0  0  0  0  0  0  0  1  0  0  0  1  1  1  1  1  1  0  0  0  0  0  0  1  0  1  1  0  0  1]
[0  0  1  1  1  1  0  1  1  0  0  1  0  1  0  1  0  1  0  0  0  0  0  0  0  1  0  1  1  1  1  1  1  1  0  1  0  0  1]
[0  1  1  1  0  1  0  1  1  0  0  0  1  0  0  0  1  1  0  1  0  0  0  0  0  0  0  0  1  1  0  1  1  0  1  0  0  0  0  1]
[0  0  0  1  1  1  0  1  1  0  1  1  1  1  1  0  1  1  0  1  1  0  1  1  1  1  1  1  0  0  0  0  0  1  0  1  1]
[1]
[0  1  0  0  1  0  1  1  1  0  0  0  1  0  1  0  1  1  0  0  1  0  0  1  1  1  0  0  1  0  0  1  0  0  0  0  1  1  0  1]
[0  0  1  0  0  0  1  0  1  0  0  0  0  0  0  0  0  1  0  0  0  1  1  0  1  1  0  1  1  1  0  1  0  1  1  0  0  1  1  1]
[1]
549756524371
549756524371
9343
[1  1  0  1  0  1  0  0  1  0  0  0  1  1  0  1  1  0  1  0  0  1  0  1  0  0  0  0  0  0  0  0  0  0  0  0  0  0  0  0  1]
#
40
[0  0  1  1  1  0  1  1  0  0  1  1  0  0  0  1  1  0  0  1  1  1  0  1  1  1  1  0  1  0  1  0  0  1  1  1  1  1  0  1]
[1  1  1  1  0  0  1  0  0  1  0  0  0  0  1  0  0  1  1  1  1  0  0  1  0  0  0  0  0  0  1  1  1  1  0  1  1]
[0  1  0  0  0  0  0  1  0  0  1  0  0  1  1  1  1  0  0  1  1  1  1  1  1  0  0  0  0  0  0  0  1  1  1  1  1  0  0  1]
[0  1  1  0  1  0  0  1  0  0  1  1  0  0  0  1  1  1  1  1  1  1  0  0  0  1  1  0  1  1  0  1  1  1  0  1  0  1]
[1]
[1  1  0  0  0  1  0  1  1  1  0  1  0  1  0  0  0  0  0  0  1  0  1  1  0  1  1  1  0  0  0  1  0  1  1  0  1  0  0  1]
[0  1  0  0  1  1  0  1  1  1  1  1  0  0  0  1  0  0  0  1  1  0  1  0  1  0  0  0  1  0  0  1  1  0  0  0  1  0  1]
[1]
549756239411
549756239411
9343
[1  1  0  1  0  1  0  0  1  0  0  0  1  1  0  1  1  0  1  0  0  1  0  1  0  0  0  0  0  0  0  0  0  0  0  0  0  0  0  0  1]
#
40
[1  0  1  1  0  1  1  0  0  1  1  1  0  0  1  0  0  0  1  1  1  1  0  0  0  0  0  1  1  0  0  0  1  1  0  1  1  0  0  1]
[0  0  1  1  1  1  1  0  0  1  1  0  1  0  1  1  1  1  1  1  0  1  1  1  0  0  0  0  0  0  0  0  1  1  1  1  0  1]
[1  0  1  1  1  0  1  0  0  0  1  0  0  0  1  1  1  1  0  0  0  0  0  1  0  1  1  0  1  0  1  0  1  0  1  0  1  1  1  1]
[0  1  0  0  1  1  1  1  1  1  0  0  0  1  1  0  1  0  1  0  1  0  1  1  0  0  0  0  0  1  0  0  0  1  0  1  1  0  1]
[1]
[0  0  0  0  0  1  0  1  1  0  1  1  0  0  1  1  1  1  0  1  1  0  0  0  0  1  0  1  0  1  1  0  1  0  0  1  1  1  1  1]
[1  0  1  0  0  0  1  1  0  1  1  0  0  0  1  1  1  0  0  0  0  1  0  0  1  0  0  1  1  1  0  1  1  0  0  1  0  1]
[1]
549755815787
549755815787
9343
[1  1  0  1  0  1  0  0  1  0  0  0  1  1  0  1  1  0  1  0  0  1  0  1  0  0  0  0  0  0  0  0  0  0  0  0  0  0  0  0  1]
#
40
[0  0  0  1  1  0  0  0  0  1  0  0  0  1  1  0  1  0  0  1  0  1  1  0  1  1  1  0  1  0  0  0  1  1  1  0  1]
[0  1  0  1  1  1  1  0  0  0  1  1  1  0  1  0  1  1  1  0  1  1  0  1  0  1  1  0  1  1  0  0  1  1  1  0  0  1  1]
[1  0  0  0  1  1  1  1  0  1  0  0  0  1  0  0  1  0  0  0  1  1  1  0  0  0  0  0  1  1  1  0  1  1  1  1  0  0  1  1]
[1  0  1  0  0  1  0  0  1  0  1  1  0  0  1  1  1  1  1  0  1  1  1  0  1  0  0  0  1  1  1  0  0  0  0  0  1  1]
[1]
[0  0  1  0  1  1  1  1  1  0  1  0  0  1  1  0  0  0  1  0  1  0  1  0  0  1  1  1  1  0  0  1  1  0  0  1]
[1  0  1  1  1  0  1  1  0  0  1  1  1  0  1  1  0  1  1  1  0  0  0  0  0  0  1  0  1  0  1  1  0  1  0  1  1  0  1]
[1]
549756284347
549756284347
9343
[1  1  0  1  0  1  0  0  1  0  0  0  1  1  0  1  1  0  1  0  0  1  0  1  0  0  0  0  0  0  0  0  0  0  0  0  0  0  0  0  1]
#
40
[0  0  1  0  0  1  1  1  1  0  0  0  0  0  0  0  1  0  1  0  1  0  0  0  0  0  1  0  1  0  0  1  0  0  0  0  0  1]
[0  1  1  1  0  1  1  0  0  0  1  0  0  1  1  1  0  1  0  0  1  1  0  0  1  1  1  0  0  0  0  1  1  1  1  1  1  0  1]
[0  1  1  0  1  0  0  1  0  1  0  0  0  1  1  0  1  1  0  1  1  1  1  0  1  1  0  0  1  0  1  1  0  1  1  0  1  0  1  1]
[0  1  0  1  0  0  0  1  0  0  0  1  1  1  0  1  1  1  1  1  1  0  1  0  0  1  0  1  0  1  0  0  1  0  1  1  0  0  1  1]
[1]
[0  1  1  0  0  1  1  0  0  1  0  1  0  1  0  0  0  0  1  0  1  1  1  0  0  1  0  0  1  0  1  0  0  0  0  1  1  0  1]
[0  1  0  1  0  1  0  0  0  0  0  0  1  1  1  0  0  1  0  1  0  1  0  0  0  1  0  1  1  1  1  1  1  1  1]
[1]
549756252763
549756252763
9343
[1  1  0  1  0  1  0  0  1  0  0  0  1  1  0  1  1  0  1  0  0  1  0  1  0  0  0  0  0  0  0  0  0  0  0  0  0  0  0  0  1]
#
40
[0  0  1  0  1  1  1  0  0  0  1  1  0  0  1  0  1  1  1  0  1  1  0  0  1  1  0  1  1  1  1  0  0  1  1  1  0  0  0  1]
[0  1  0  1  0  1  1  1  1  1  0  0  0  0  1  1  1  1  1  1  1  1  0  0  1  1  0  0  1  1  1  0  0  1  0  1  1]
[0  0  1  0  1  1  1  0  0  1  1  0  0  0  0  0  1  0  1  1  0  1  1  1  1  0  0  0  0  0  0  1  1  0  1  0  1  1]
[1  0  0  0  1  1  1  0  1  1  0  1  0  1  0  1  1  1  0  1  1  1  0  0  1  1  0  0  1  0  1  1  1  0  0  0  1]
[1]
[1  1  1  1  0  1  1  1  1  0  0  1  1  0  0  1  0  0  1  1  1  0  0  0  0  1  0  1  1  1  0  1  0  1  0  0  1]
[0  1  1  1  1  1  1  0  0  1  1  1  0  0  1  0  1  1  0  0  1  1  1  0  1  1  0  1  1  1  1  1  1  0  1  1  1  1  1  1]
[1]
549756667309
549756667309
9343
[1  1  0  1  0  1  0  0  1  0  0  0  1  1  0  1  1  0  1  0  0  1  0  1  0  0  0  0  0  0  0  0  0  0  0  0  0  0  0  0  1]
#
40
[0  1  1  1  0  1  1  1  0  0  1  1  0  1  1  0  1  1  1  0  1  1  1  1  1  1  1  0  1  1  1  0  0  0  0  1]
[0  0  0  0  0  0  1  1  0  1  1  0  1  0  1  0  0  1  1  1  1  1  0  1  0  0  0  1  0  1  0  0  0  0  1  1  1]
[0  0  1  0  1  0  1  0  1  0  1  1  1  0  0  0  0  1  0  1  0  0  0  0  1  0  1  1  0  0  1  0  1  0  1  1  0  1  1  1]
[0  1  0  1  0  1  1  0  1  1  0  0  1  1  0  0  1  1  0  0  1  1  0  1  0  1  0  0  1  1  1  1  1  0  1  1  1]
[1]
[1  0  0  1  1  0  1  0  1  1  0  1  0  0  0  0  1  0  0  0  0  1  1  0  0  1  1  0  0  1  0  1  0  0  0  1  1  0  1  1]
[1  0  0  0  0  1  0  1  0  1  0  0  1  1  1  1  1  1  0  1  0  1  1  0  1  0  0  0  1  0  1  0  0  0  1  0  1  0  0  1]
[1]
549756197371
549756197371
9343
[1  1  0  1  0  1  0  0  1  0  0  0  1  1  0  1  1  0  1  0  0  1  0  1  0  0  0  0  0  0  0  0  0  0  0  0  0  0  0  0  1]
#
40
[0  1  1  0  1  0  0  1  0  1  1  0  1  1  1  1  1  1  0  0  0  0  0  1  0  1  1  0  1  0  0  0  1  0  0  0  1  1]
[1  0  0  1  0  1  1  0  0  1  0  1  1  0  0  1  0  0  1  1  0  0  0  1  1  1  0  0  1  0  0  1  1  1  1  1  0  0  1]
[1  0  0  1  0  0  1  0  0  0  0  1  0  0  1  0  0  1  1  1  0  0  1  0  0  1  1  1  0  1  1  1  1  1  0  0  1  1]
[1  1  0  1  1  0  0  1  0  0  0  0  0  1  1  0  0  0  1  1  0  0  0  1  1  0  0  1  1  1  1  0  1  0  1  1  0  1  1  1]
[1]
[1  1  0  0  1  1  0  1  0  1  0  1  0  0  0  1  0  0  1  1  0  0  0  1  0  0  1  0  1  1  0  1  1  0  1  1  1  1  1]
[1  0  1  0  1  1  0  0  1  0  1  0  1  1  0  0  1  0  0  0  1  0  0  1  1  0  1  1  0  1  0  1  1  1  0  1  1]
[1]
549756252671
549756252671
9343
[1  1  0  1  0  1  0  0  1  0  0  0  1  1  0  1  1  0  1  0  0  1  0  1  0  0  0  0  0  0  0  0  0  0  0  0  0  0  0  0  1]
#
40
[1  0  0  0  0  0  1  0  0  0  0  1  0  1  1  1  0  0  0  0  0  0  0  1  1  1  0  0  0  1  1  0  1  0  1  0  1  0  1]
[0  1  0  0  1  0  0  0  1  0  0  1  0  0  1  0  0  1  0  1  1  0  1  1  0  0  1  1  0  0  0  0  0  1  1  1  1  1  1  1]
[0  0  1  0  1  0  0  0  0  0  1  1  0  0  1  1  0  1  0  1  1  0  0  0  0  0  1  0  1  0  1  1  0  1  1  1  1  1]
[1  1  0  1  1  0  0  0  0  0  1  1  1  0  1  1  1  0  1  0  1  0  1  0  0  1  1  0  1  1  1  0  0  0  1  1  1  0  1]
[1]
[0  0  0  0  0  0  0  1  0  0  0  0  0  1  0  1  0  1  1  0  0  1  1  0  0  1  1  0  1  1  0  1  0  1  1  1  0  1]
[0  0  0  0  1  0  1  0  1  1  0  0  1  1  1  0  0  0  0  1  0  0  0  0  0  0  1  1  1  1  1  0  0  0  0  1  1  1  0  1]
[1]
549756747851
549756747851
9343
[1  1  0  1  0  1  0  0  1  0  0  0  1  1  0  1  1  0  1  0  0  1  0  1  0  0  0  0  0  0  0  0  0  0  0  0  0  0  0  0  1]
#
40
[0  0  0  1  0  0  1  0  0  1  0  0  0  1  0  0  1  0  0  1  0  1  1  1  0  0  0  0  1  0  0  0  1  0  1  1  1  0  0  1]
[0  1  1  1  1  1  1  0  0  1  0  0  0  0  0  0  1  0  1  0  1  1  0  0  1  1  0  1  1  0  1  1  0  1  0  1  1  0  1]
[1  0  0  1  0  1  0  0  0  1  1  1  1  0  0  0  1  1  1  0  0  1  1  0  0  0  1  1  0  1  1  0  1  0  0  1  1]
[0  1  0  0  0  0  1  0  1  1  1  0  0  1  1  1  1  1  0  1  0  0  0  0  0  1  0  0  0  1  0  0  1  1  1  0  0  0  1  1]
[1]
[1  1  0  0  0  0  1  1  1  0  1  0  1  0  0  1  1  0  1  0  1  1  1  0  0  1  1  0  0  1  1  0  0  0  0  0  1]
[1  1  1  0  0  0  0  0  1  0  0  1  0  1  1  0  0  0  0  1  0  1  0  0  0  1  0  0  0  1  0  1  0  1  1  1  1  0  1  1]
[1]
549756481609
549756481609
9343
[1  1  0  1  0  1  0  0  1  0  0  0  1  1  0  1  1  0  1  0  0  1  0  1  0  0  0  0  0  0  0  0  0  0  0  0  0  0  0  0  1]
#
40
[0  0  1  1  0  0  1  0  0  0  1  0  1  0  0  1  0  1  1  0  0  1  1  0  1  0  1  1  0  0  1  1  1  1  0  0  0  0  1  1]
[0  0  0  0  0  1  0  1  1  0  0  0  0  0  1  0  0  1  1  0  0  1  0  0  0  0  0  0  0  0  1  0  1  1  0  1]
[0  0  1  1  0  1  0  0  0  0  0  1  1  0  0  0  0  1  0  0  1  1  1  1  0  1  1  1  1  1  0  0  1  0  0  1  1  1]
[0  1  1  1  1  0  0  0  1  0  0  1  1  1  0  0  0  1  1  0  0  1  1  0  1  1  1  0  1  0  1  0  0  1  0  0  0  1]
[1]
[0  0  0  0  1  1  0  0  1  0  1  1  0  0  1  0  0  0  0  1  1  0  0  0  1  0  0  0  1  1  0  1  1  1  1  1  0  0  0  1]
[1  1  1  0  1  0  0  1  1  1  0  1  0  0  1  1  1  0  0  0  0  0  0  1  0  1  0  1  0  1  0  0  0  1  1]
[1]
549756202637
549756202637
9343
[1  1  0  1  0  1  0  0  1  0  0  0  1  1  0  1  1  0  1  0  0  1  0  1  0  0  0  0  0  0  0  0  0  0  0  0  0  0  0  0  1]
#
40
[1  1  1  0  1  1  1  1  1  1  1  1  0  1  0  1  0  0  1  1  1  1  1  0  0  1  1  0  1  0  1  1  1  1  1  0  1]
[1  0  0  0  1  1  1  1  0  0  1  1  0  1  0  1  1  1  1  1  0  0  1  0  0  0  1  0  0  1  0  0  0  0  1  0  0  1]
[1  0  1  1  0  0  0  0  0  1  0  0  0  0  1  0  0  0  1  0  0  1  0  1  1  1  1  1  0  1  0  0  1  0  1  1  1  1  0  1]
[0  0  1  1  1  0  0  0  1  0  1  1  0  1  0  1  0  1  1  1  1  1  0  0  1  0  0  1  0  1  0  0  0  1  1  1  1]
[1]
[0  0  1  1  0  0  1  1  1  0  0  1  1  1  0  0  1  0  0  1  0  1  0  0  0  0  1  1  1  1  1  1  1  1  1  1  1  1  0  1]
[1  0  1  0  0  1  0  1  1  1  0  1  0  1  0  1  1  1  0  1  0  0  0  1  1  1  1  1  1  0  0  0  1  0  0  1  1  0  1]
[1]
549756678473
549756678473
9343
[1  1  0  1  0  1  0  0  1  0  0  0  1  1  0  1  1  0  1  0  0  1  0  1  0  0  0  0  0  0  0  0  0  0  0  0  0  0  0  0  1]
#
40
[1  0  0  0  1  1  1  1  1  0  1  1  0  0  1  0  0  0  1  0  0  0  1  0  0  0  1  0  1  1  1  0  0  0  0  1  1]
[1  1  0  0  1  1  0  0  1  0  0  0  0  1  0  1  0  0  0  0  1  1  0  0  1  1  0  1  0  1  0  1  0  0  0  0  0  0  0  1]
[1  0  0  0  1  1  0  0  1  0  0  1  1  1  1  1  1  0  0  1  1  0  0  1  0  1  0  0  1  0  0  1  1  1  0  0  0  1]
[1  0  1  1  1  0  1  1  0  1  0  1  1  1  1  1  1  1  0  1  0  0  0  0  0  1  0  1  0  0  0  0  1  0  1  0  1  0  1]
[1]
[1  0  0  1  0  0  1  1  0  0  1  0  1  1  1  0  1  1  0  1  1  0  1  1  1  1  1  0  1  1  1  0  1  1  1  1  1  1  1]
[0  1  0  1  0  0  1  0  0  0  1  0  0  1  1  0  0  1  0  1  1  1  0  1  0  0  1  1  1  0  0  1  1  1  1]
[1]
549756058193
549756058193
9343
[1  1  0  1  0  1  0  0  1  0  0  0  1  1  0  1  1  0  1  0  0  1  0  1  0  0  0  0  0  0  0  0  0  0  0  0  0  0  0  0  1]
#
40
[1  0  1  1  0  1  0  1  0  1  0  0  0  0  0  0  1  0  1  1  1  1  0  1  1  1  1  0  1  1  0  0  0  1  0  0  0  0  1  1]
[0  0  1  0  0  1  0  1  0  1  0  1  0  1  0  1  0  0  0  1  1  1  0  1  0  1  0  1  0  1  0  0  0  0  1  1  0  1  0  1]
[0  0  0  1  1  0  1  0  0  1  1  1  0  0  1  1  1  1  0  0  1  0  0  1  0  1  1  1  1  0  0  0  1  1  0  0  1]
[0  1  1  1  0  1  0  1  1  0  0  1  0  0  1  0  1  1  0  0  1  0  0  1  0  1  0  1  0  0  0  0  1  0  0  1  0  1]
[1]
[0  0  0  1  1  1  1  0  1  1  0  0  0  1  1  0  0  0  0  0  1  0  1  1  1  1  0  0  1  0  1  0  0  1  1  0  1  1  0  1]
[0  1  1  0  0  0  0  0  0  1  1  0  0  0  1  0  1  1  0  0  1  0  0  1  1  1  1  1  1  1  0  1  0  1  1  1]
[1]
549755897633
549755897633
9343
[1  1  0  1  0  1  0  0  1  0  0  0  1  1  0  1  1  0  1  0  0  1  0  1  0  0  0  0  0  0  0  0  0  0  0  0  0  0  0  0  1]
#
40
[0  1  0  0  0  0  1  0  0  0  0  0  1  1  0  0  0  0  1  0  0  0  0  0  0  0  0  0  0  0  1  0  0  0  1  0  1]
[1  0  0  1  1  0  0  1  1  0  1  0  1  0  0  1  1  0  1  1  1  0  1  0  1  1  1  0  1  1  0  1  1  1  0  0  0  1  0  1]
[1  1  0  1  0  0  1  1  1  1  1  0  0  1  1  1  0  0  0  1  1  0  0  0  1  0  0  1  0  1  1  1  0  0  1  0  0  1  1  1]
[0  1  0  0  0  0  0  1  0  1  1  1  0  0  1  0  0  0  1  0  0  0  0  0  1  0  0  1  1  1  0  0  1  1  0  1  1  0  0  1]
[1]
[1  0  0  0  0  0  1  0  0  1  1  0  0  1  1  0  1  0  1  0  0  1  1  0  0  0  1  0  1  0  1  1  0  0  1  0  0  0  0  1]
[1  1  1  1  1  0  0  1  1  0  1  0  1  0  1  1  0  0  0  0  0  1  0  1  1  1  1  1  0  0  0  0  0  0  1  1  1  0  0  1]
[1]
549756742187
549756742187
9343
[1  1  0  1  0  1  0  0  1  0  0  0  1  1  0  1  1  0  1  0  0  1  0  1  0  0  0  0  0  0  0  0  0  0  0  0  0  0  0  0  1]
#
40
[0  0  0  0  1  0  0  0  1  0  1  1  1  1  0  0  1  1  0  1  0  1  1  0  0  1  1  1  1  0  0  1  0  1  1  0  1  0  0  1]
[1  0  0  0  0  0  1  0  0  0  0  1  0  1  1  0  1  0  1  1  1  1  0  0  0  1  0  1  1  1  0  0  1  1  0  1  0  1  1  1]
[1  1  1  1  1  0  1  0  0  0  1  1  0  1  0  1  0  0  1  1  0  1  0  0  0  1  0  1  0  0  1  0  1  0  1  1  1  1  1  1]
[1  1  0  0  0  1  1  1  1  1  1  0  0  1  0  1  1  0  0  1  1  0  0  1  0  1  1  1  1  1  1  0  0  1  1  0  1  0  1]
[1]
[1  1  0  0  0  0  1  0  1  1  0  0  1  0  0  0  1  1  0  0  1  1  1  0  0  0  0  1  1  0  1  0  0  0  1  1  1  1  0  1]
[0  1  0  0  0  1  0  0  1  1  0  1  0  1  1  0  0  0  1  0  0  0  0  1  0  0  0  1  0  1  0  0  1  0  1  1  0  1  1]
[1]
549756661313
549756661313
9343
[1  1  0  1  0  1  0  0  1  0  0  0  1  1  0  1  1  0  1  0  0  1  0  1  0  0  0  0  0  0  0  0  0  0  0  0  0  0  0  0  1]
#
40
[0  0  1  1  0  1  1  0  0  1  0  1  1  1  0  0  1  1  0  0  1  1  1  1  1  0  1  1  0  0  1  0  0  0  1]
[1  0  0  1  0  0  0  0  1  0  1  0  0  0  0  1  1  1  1  0  1  0  1  1  1  1  1  0  1  0  1  0  0  0  0  0  1  1]
[1  0  0  0  0  1  0  1  1  0  1  0  1  1  0  1  1  0  0  1  1  0  0  1  1  0  1  0  0  0  1  1  1  1  0  1  1  1]
[0  1  1  1  1  0  0  0  1  1  1  0  0  0  0  0  1  0  1  1  1  0  1  0  0  1  1  1  0  0  1  0  0  0  0  1  0  1  1]
[1]
[1  0  0  1  0  1  0  0  0  1  1  0  0  0  1  1  1  0  1  0  1  0  1  0  0  1  0  1  0  1  0  0  1  1  0  1  0  1  1  1]
[0  1  1  0  1  0  0  0  1  1  0  0  1  0  0  1  0  0  0  1  1  0  1  0  1  0  1  1  1  1  0  0  0  0  1  1  1  1  0  1]
[1]
549756049639
549756049639
9343
[1  1  0  1  0  1  0  0  1  0  0  0  1  1  0  1  1  0  1  0  0  1  0  1  0  0  0  0  0  0  0  0  0  0  0  0  0  0  0  0  1]
#
40
[1  1  1  0  1  1  1  1  0  0  0  1  0  0  0  1  0  0  1  0  1  1  1  0  0  1  0  0  1  1  0  0  1  0  0  1  0  1]
[0  0  1  1  0  1  1  0  0  1  0  0  1  0  1  0  1  1  0  0  1  0  1  0  1  0  1  1  1  1  0  0  0  1  1  1]
[0  0  1  0  0  1  0  1  0  0  0  0  0  0  0  0  0  1  1  0  0  0  1  1  0  1  0  0  0  0  1  1  0  1  1  0  1  0  0  1]
[0  1  0  1  1  0  0  1  0  1  1  1  1  0  1  0  0  0  1  1  0  1  1  0  0  0  0  1  1  1  1  0  1  1  0  1  0  0  1]
[1]
[0  1  1  0  1  0  0  0  1  0  0  1  1  0  1  0  1  0  0  0  0  1  0  0  0  1  1  0  1  1  0  0  0  1  1  1  0  1  1  1]
[0  0  0  0  1  1  1  1  0  1  0  0  1  1  0  0  1  0  1  1  1  0  1  1  0  1  0  1  0  0  1  0  0  0  0  0  1  1  1]
[1]
549755822653
549755822653
9343
[1  1  0  1  0  1  0  0  1  0  0  0  1  1  0  1  1  0  1  0  0  1  0  1  0  0  0  0  0  0  0  0  0  0  0  0  0  0  0  0  1]
#
40
[0  0  0  0  0  1  1  0  1  1  1  1  1  0  1  0  0  1  0  0  0  0  1  1  0  1  0  1  1  0  1  0  0  0  1  1  1]
[0  0  0  0  0  1  1  1  1  1  1  0  1  0  0  0  1  0  1  1  1  1  1  0  0  1  0  0  0  0  0  0  0  1  1  0  0  0  0  1]
[1  1  1  0  0  1  1  1  1  1  1  1  1  0  0  0  0  1  1  0  0  0  1  0  1  1  0  0  0  0  1  1  1  1  0  0  0  1  0  1]
[0  1  0  1  0  1  1  1  1  0  1  1  1  1  0  0  0  0  1  0  1  0  1  0  1  1  1  0  0  1  1  0  1  0  1  1  0  1]
[1]
[1  0  0  0  1  0  1  0  1  0  1  1  0  0  1  1  1  0  1  1  0  0  0  1  1  0  1  0  0  1  0  1  0  1  1  0  0  1  0  1]
[0  1  0  0  0  0  0  0  1  0  1  0  1  1  1  1  0  0  1  1  0  1  1  1  1  0  0  0  1  1  1  0  1  1  1  1  1  0  1  1]
[1]
549755847863
549755847863
9343
[1  1  0  1  0  1  0  0  1  0  0  0  1  1  0  1  1  0  1  0  0  1  0  1  0  0  0  0  0  0  0  0  0  0  0  0  0  0  0  0  1]
#
40
[0  0  0  0  0  0  1  0  0  1  0  0  1  0  0  1  0  0  1  0  0  0  1  0  1  0  0  1  0  0  1  1  1  1  1  0  0  1]
[0  1  1  1  1  1  0  1  0  1  0  1  0  0  0  0  1  1  1  1  0  0  1  1  0  0  1  1  1  1  0  1  0  0  1  1  1  0  0  1]
[1  1  1  1  1  0  1  0  0  1  1  1  1  0  0  0  0  0  0  0  0  0  0  1  1  0  0  1  1  1  1  1  0  0  0  1  0  1]
[1  1  1  0  1  1  1  1  1  0  0  0  0  0  1  1  1  1  1  0  1  1  1  0  1  0  0  0  1  1  0  0  0  0  1  1  0  0  1]
[1]
[0  1  1  0  1  0  0  0  0  0  0  0  0  0  1  0  0  1  0  0  0  0  0  1  0  1  0  1  0  1  1  1  0  0  0  1  1  0  1]
[1  1  0  0  1  0  1  1  0  0  1  0  1  1  1  1  1  0  0  1  0  0  1  1  0  1  1  0  1  0  0  0  1  0  0  1  1  0  1  1]
[1]
549756609331
549756609331
9343
[1  1  0  1  0  1  0  0  1  0  0  0  1  1  0  1  1  0  1  0  0  1  0  1  0  0  0  0  0  0  0  0  0  0  0  0  0  0  0  0  1]
#
40
[1  1  0  1  0  0  0  0  0  1  1  0  1  0  1  0  1  1  0  0  1  0  1  0  1  0  0  0  1  0  1  0  0  0  1  0  1  0  1]
[0  1  0  1  0  1  1  1  0  0  0  0  0  1  0  1  1  1  0  0  0  1  1  0  1  0  0  1  0  1  1  0  1  0  0  1  1  0  0  1]
[0  1  0  0  0  0  0  1  0  1  1  1  1  0  1  0  1  0  1  1  1  0  1  1  0  0  0  1  0  1  0  1  0  0  0  0  1  0  1]
[0  0  1  0  1  1  0  0  1  0  0  1  0  1  0  0  1  1  1  0  1  0  0  1  0  0  1  1  0  0  0  1  0  1  1  0  1]
[1]
[0  1  0  1  0  1  0  0  1  0  0  0  1  0  0  1  1  1  0  1  1  1  1  1  1  1  0  1  1  0  0  0  0  0  0  0  0  0  1  1]
[0  0  1  1  1  0  1  0  1  1  1  1  1  0  0  0  0  0  0  1  1  1  0  1  1  1  0  0  1  1  0  1  0  1  1  1]
[1]
549756196307
549756196307
9343
[1  1  0  1  0  1  0  0  1  0  0  0  1  1  0  1  1  0  1  0  0  1  0  1  0  0  0  0  0  0  0  0  0  0  0  0  0  0  0  0  1]
#
40
[0  1  1  1  1  1  0  1  0  0  0  0  1  0  0  1  0  1  0  1  0  0  1  0  1  0  0  0  1  0  1  0  0  0  0  0  0  0  1  1]
[0  0  1  0  1  0  1  1  1  0  0  0  0  1  1  0  1  0  1  0  1  0  1  0  1  0  1  1  0  0  0  1  1  0  0  0  1  1  1  1]
[0  0  1  0  0  1  0  1  1  1  0  1  1  0  1  1  0  0  1  0  1  0  0  0  0  0  1  1  1  1  1  1  0  0  0  1  1  1]
[1  1  1  0  0  1  1  1  0  1  1  0  0  0  0  1  1  1  0  1  0  1  1  1  0  1  0  1  1  0  0  1  0  1  0  0  0  1]
[1]
[0  0  0  0  0  1  0  0  0  0  1  0  1  1  1  0  1  0  1  1  0  1  0  0  1  1  1  0  0  0  1  0  0  1  1  1  0  1  0  1]
[0  0  1  1  0  0  1  1  0  0  1  0  0  1  1  0  0  0  1  0  1  1  1  1  1  0  1  1  1  0  0  1  0  1  1  0  1  0  1  1]
[1]
549756081827
549756081827
9343
[1  1  0  1  0  1  0  0  1  0  0  0  1  1  0  1  1  0  1  0  0  1  0  1  0  0  0  0  0  0  0  0  0  0  0  0  0  0  0  0  1]
#
40
[1  1  1  1  1  0  1  0  1  0  1  1  1  1  0  0  1  0  1  0  1  0  0  1  1  1  1  0  1  0  1  0  0  1  1  1  1  0  0  1]
[0  0  1  0  1  0  1  0  1  0  1  0  0  0  1  0  1  0  0  1  0  1  1  0  0  1  1  1  0  1  0  0  0  1  0  1  0  0  0  1]
[1  1  0  1  0  1  0  0  0  0  1  1  1  1  1  0  0  0  1  1  1  1  1  1  0  1  0  1  1  0  1  1  1  1  1  1  0  1  1]
[1  0  0  1  0  1  1  0  1  1  0  0  0  0  1  0  1  0  1  1  0  1  1  0  0  1  0  0  0  1  1  0  0  0  0  1  1  0  0  1]
[1]
[1  0  0  0  0  0  0  0  1  0  0  1  0  0  1  0  1  1  1  1  0  0  1  0  0  0  1  1  0  0  0  0  1  1  0  0  0  0  0  1]
[0  1  1  1  0  0  0  1  0  1  0  0  1  0  0  0  0  0  1  0  1  0  0  0  0  0  0  1  0  1  0  0  1  1  0  1  1  1  0  1]
[1]
549756257429
549756257429
9343
[1  1  0  1  0  1  0  0  1  0  0  0  1  1  0  1  1  0  1  0  0  1  0  1  0  0  0  0  0  0  0  0  0  0  0  0  0  0  0  0  1]
#
40
[1  0  1  0  1  0  1  1  0  1  1  0  1  1  0  0  0  1  1  0  0  1  1  0  0  0  1  0  0  1  0  0  1  1  1  1  1  1  1  1]
[0  1  1  0  1  0  1  1  0  1  0  0  1  1  1  1  0  0  0  0  0  0  0  1  0  0  0  0  0  1  0  1  0  1  0  0  0  0  1]
[0  0  1  0  0  1  0  0  0  0  0  0  0  1  0  0  0  1  1  0  0  0  0  0  0  1  0  1  0  0  0  0  0  1  0  0  0  0  0  1]
[0  0  1  1  1  0  1  1  0  1  0  1  1  0  0  0  0  1  1  0  1  1  0  0  0  1  1  1  1  1  0  1  1  0  1  0  0  1  0  1]
[1]
[0  0  0  0  0  0  1  0  0  1  0  0  1  1  0  0  1  0  1  1  0  0  0  1  0  1  1  1  1  1  1  1  0  0  1  1  0  0  0  1]
[1  1  1  0  0  1  1  0  1  0  1  0  0  1  0  0  1  0  0  0  1  1  1  0  0  1  1  0  1  0  0  0  1  0  1  0  1  1]
[1]
549756593171
549756593171
9343
[1  1  0  1  0  1  0  0  1  0  0  0  1  1  0  1  1  0  1  0  0  1  0  1  0  0  0  0  0  0  0  0  0  0  0  0  0  0  0  0  1]
#
40
[1  1  1  0  0  0  1  0  1  1  0  1  1  1  0  0  1  0  1  1  1  1  0  1  0  1  0  0  1  0  1  1  1  1  0  0  0  0  1  1]
[1  1  1  0  0  1  1  1  0  0  0  0  0  1  0  1  0  0  1  1  1  0  1  1  0  1  1  0  1  0  1  0  1  0  0  1]
[1  1  1  1  0  0  0  0  1  1  0  1  1  0  1  0  1  1  1  0  1  0  0  1  1  1  0  0  1  1  0  1  1  0  1  1  1  1  0  1]
[0  0  1  1  1  1  1  1  1  0  0  0  0  1  0  1  1  0  0  0  1  1  1  1  1  1  0  1  1  0  0  1  0  0  1  0  0  1  1  1]
[1]
[1  1  1  0  1  1  1  0  1  0  1  0  1  0  1  1  1  1  1  0  1  1  1  1  0  0  1  0  0  1  1  0  0  1  0  0  0  0  0  1]
[0  1  0  0  0  0  1  1  0  0  0  1  1  1  1  1  1  0  0  0  1  0  0  0  1  0  1  1  0  0  0  1  1  1  1  1  0  1  0  1]
[1]
549756349451
549756349451
9343
[1  1  0  1  0  1  0  0  1  0  0  0  1  1  0  1  1  0  1  0  0  1  0  1  0  0  0  0  0  0  0  0  0  0  0  0  0  0  0  0  1]
#
40
[0  0  0  1  0  1  0  1  0  0  1  1  1  0  0  0  1  0  0  1  0  0  0  0  0  0  1  1  1  0  1  0  1  0  1  1  0  0  1]
[1  1  1  0  0  0  1  0  0  1  1  0  0  0  0  0  0  0  1  1  0  0  1  1  1  1  1  1  0  0  0  1  1  1  0  1  1  1]
[0  1  0  0  0  1  0  1  1  1  1  0  0  1  0  0  1  1  0  0  0  1  1  0  1  0  1  1  0  0  0  1  1  0  0  0  0  1  0  1]
[0  1  0  1  1  1  0  1  1  0  0  1  0  1  0  0  0  1  1  1  0  0  1  1  1  0  0  1  1  0  0  0  1  1  1  0  0  1  1  1]
[1]
[0  1  0  1  0  1  0  0  0  1  1  1  1  1  1  1  1  0  1  0  0  1  1  0  1  0  1  1  0  0  0  0  1  0  1  1  0  0  0  1]
[0  1  0  1  0  0  0  0  0  1  0  1  0  1  1  0  0  0  0  0  0  0  0  1  1  1  0  1  0  0  1  0  1  0  0  0  0  0  0  1]
[1]
549756449771
549756449771
9343
[1  1  0  1  0  1  0  0  1  0  0  0  1  1  0  1  1  0  1  0  0  1  0  1  0  0  0  0  0  0  0  0  0  0  0  0  0  0  0  0  1]
#
