60
[0  1  0  0  1  1  0  0  0  1  0  0  0  1  1  0  0  1  1  0  0  0  0  0  0  0  0  1  0  0  0  1  1  1  0  1  1  0  0  0  0  0  0  0  0  0  0  0  0  0  1  0  1  0  0  1  0  0  1  1]
[1  0  0  0  1  0  1  1  0  1  1  0  0  0  0  0  1  1  1  1  1  1  1  1  1  0  1  1  0  0  1  1  1  1  0  0  0  1  1  0  0  0  0  0  0  0  1  0  0  1  0  1  1  0  0  1  0  0  0  1]
[1  0  0  0  0  0  1  0  1  1  1  0  1  0  0  1  0  1  0  0  1  0  0  0  0  0  1  1  0  1  1  0  1  1  1  1  0  1  1  1  0  0  1  1  1  0  1  0  1  1  1  0  0  0  1  0  0  0  1]
[0  1  0  0  1  0  1  0  1  0  1  1  0  0  1  0  0  1  1  0  1  0  1  0  0  0  0  0  0  0  1  1  0  0  0  1  1  1  1  0  0  0  1  1  1  1  1  1  1  0  1  0  1  0  1  1  0  1  0  1]
[1]
[0  0  0  1  1  0  0  0  1  0  0  0  0  0  1  0  0  0  0  0  1  0  1  1  0  0  1  1  0  0  1  1  1  0  0  1  1  1  1  0  0  1  0  1  0  1  0  0  1  1  0  0  1  0  0  0  1  1]
[1  1  1  0  0  0  1  1  1  0  1  1  1  1  1  1  0  0  0  1  0  0  1  1  1  0  0  1  0  1  0  0  1  1  0  1  1  1  1  0  1  1  0  0  1  0  1  1  0  0  0  0  0  0  1  1  0  1  1]
[1]
576460752495264467
576460752495264467
9343
[1  0  1  1  1  1  0  0  1  0  0  0  1  0  0  0  0  1  0  1  0  0  1  0  0  1  1  0  0  0  1  0  1  1  1  0  1  0  0  1  0  1  1  0  1  1  0  0  0  0  0  0  0  0  0  0  0  0  0  0  1]
#
