[[821880 134815 864616 768618 257535 171127 214531 554127 316114 910793 267549 400557 319537 770468 455280 185351 446660 22365 141019 277822 776767 300004 575520 76105 312523 206092 129351 778596 496151 431919 366701 417980 921344 504771 364600 161322 903933 497077 795574 677635 85801 841296 360590 118237 60748 790122 917715 448334 688922 119070 722365 890071 607341 681570 294082 586850 437788 93957 190673 69819]
[489116 73831 24507 699042 756898 119129 312017 577410 615102 534945 873903 347521 448011 20846 333473 844231 947895 144283 70915 502064 114371 290888 239702 157393 393842 804313 228735 563998 362432 652818 54055 869268 517196 481267 881324 446670 376816 668444 990608 51193 622598 106590 250065 427684 33184 554502 939148 148414 311657 483029 177140 952913 51249 547997 896973 252962 156652 544621 128422 533805]
[623206 696014 111423 548933 329528 215524 858010 779886 915619 906399 407389 651790 263180 358484 498744 574653 272656 765685 160770 453476 441242 92545 290166 60749 504585 999055 464005 336191 386584 808717 438477 546129 830627 373955 607628 144007 566112 975114 167868 50005 33445 606415 223172 891141 298503 440259 668763 119020 595204 395261 917048 871628 120582 477308 49425 195572 970504 444718 961545 245443]
[602534 377445 893434 91952 214280 504933 986026 767943 105377 720263 110330 814773 105454 991167 691006 447001 146224 166181 536932 825621 291214 125207 765826 956685 30226 280258 717298 755635 638540 282465 594032 901112 295727 523501 965773 464121 159226 689191 844973 900770 337656 703519 187200 162354 167914 924516 263623 191061 246559 385103 884453 510696 994035 996589 245596 203647 945269 348383 498268 522995]
[558474 201640 504495 512017 659948 741573 543912 584036 910337 266449 843886 690240 90110 50013 995564 232225 185480 539435 197443 544414 538226 444324 836910 75735 655988 768911 676197 925813 862869 271627 21068 747992 233332 696708 842520 269766 456826 310725 277622 4519 729153 799742 349071 150038 131080 992794 978876 244551 873021 159288 446335 315610 154150 490733 974815 766374 789399 430981 555928 898784]
[226881 336793 94108 436449 557611 511411 334348 864020 619822 309034 303006 428780 362192 902775 501929 116220 416748 762780 721077 453604 365629 514967 339767 347667 707207 473681 829608 665967 220247 570885 887656 23097 867482 656640 139337 27163 632130 519963 516069 179901 902360 375536 927921 214835 289514 340405 259773 961684 98485 409536 214009 266557 425908 541981 348557 47335 833728 923749 607590 265969]
[631249 579565 847839 136410 573096 29551 139036 41000 484464 963445 987777 636066 18270 654416 112643 913682 525586 239334 260464 142032 698858 545255 57809 568438 562899 432984 820472 369903 438271 567224 624695 380228 811293 985101 848196 550284 250073 171566 28873 185916 195529 289204 770560 997499 187508 256192 607498 411373 40561 685619 483882 241679 715318 182252 499689 114185 202948 491509 810580 2232]
[341515 339880 881195 655301 260253 167142 167852 975266 31455 558246 577577 440542 510676 865723 716314 205358 357149 907880 578766 241338 662615 87245 843557 278788 480150 305824 425395 625554 231938 502336 804345 599474 327708 254010 979930 718228 700375 813337 400866 213190 176816 80082 203468 25619 925954 218715 918077 155043 612437 321321 270998 364584 680541 866060 345756 479790 357870 65726 559587 337346]
[919581 290514 224937 21938 172135 492807 106837 752543 168830 830552 447473 57915 590139 526175 591591 174294 50072 619875 590759 529768 771188 318731 985248 168338 415622 130633 809668 344165 899815 637626 158775 542564 300287 24630 304327 675731 535629 721615 902244 236231 894404 716760 886205 959909 737998 732655 933101 525187 414489 674151 299174 756669 374908 875630 700776 882373 168306 99170 370385 956040]
[962620 554088 103475 972890 353281 293215 693629 455647 970121 544012 23535 880734 646730 89108 941387 757874 859676 634369 36972 424349 216513 79108 25726 832550 563694 948405 408911 272327 905300 923562 892011 39332 345810 141419 57846 78062 419393 858762 617278 913979 30457 342747 606266 618174 573840 794634 405717 789162 344783 241177 278606 862333 290958 945376 823391 388142 316345 682728 913250 14306]
[642724 264668 67997 265836 762412 476243 846434 771784 237126 623607 78195 663348 187398 141459 536192 714230 598554 211098 943620 891464 700266 789606 373855 124576 801087 981689 531805 728506 750133 501071 573464 916581 604811 190479 342480 373218 115790 781494 787697 157843 385613 670775 903751 991862 425001 981486 4538 235245 67719 691496 721343 77987 624545 74651 434901 580505 538496 49498 990017 499823]
[289458 288398 618363 549118 97852 964952 843481 442115 643165 361599 331893 296907 483726 330602 467600 113783 630545 570615 70038 976031 426135 792013 853796 257520 274938 413879 258954 690342 628456 958762 349221 549606 635503 840687 71013 285451 512363 414162 908117 833145 826369 670967 285551 600861 581650 51230 283530 334925 660468 791545 27728 443362 32061 232158 719396 778735 411747 338981 124874 479644]
[339213 946268 472266 244873 39000 482178 14912 408079 70879 997213 78885 911207 487898 67721 838708 277479 582070 574041 78831 404249 396586 464601 839548 886494 583375 238006 922437 875015 69139 756183 610784 844357 757156 207422 770402 805346 953603 651627 262070 661986 639052 794670 296771 869837 146951 746409 803100 725581 500837 538812 122737 228967 881769 953115 76702 367645 351696 201782 978052 903503]
[219707 116508 917729 104243 220241 334331 543415 912191 656793 337508 765533 269788 716248 892796 572123 811820 472447 891323 732647 747466 829767 183708 601066 44211 848908 752707 902547 623840 316401 53794 586672 522770 399490 83712 494761 314761 123433 857861 711327 11038 672923 340028 261509 667417 49094 580833 310883 967984 64112 993297 495781 438300 367595 476770 788206 608709 725243 892372 111084 690321]
[69547 283098 315400 375941 814517 348713 61598 351280 243650 116636 832167 586422 439158 506467 460894 475762 341742 331885 665804 90844 614007 800351 861836 854424 36668 959450 878470 659823 498828 286495 693487 296607 675208 511413 438121 880566 820270 990933 6247 303127 29323 307973 691087 245126 31650 833906 362700 81204 293935 572952 306200 310843 884738 724880 718485 595521 75668 869164 915488 371387]
[241530 644910 932994 208098 93467 818616 635264 91407 909006 475285 871339 532267 878353 764062 230140 126907 250420 52777 256653 256641 935377 205373 872195 668235 841884 509079 961456 256190 219486 358123 459085 202641 297249 86080 795594 345469 714570 933389 644119 677829 59347 115685 380660 89729 874852 89631 303228 961653 964672 766211 163750 16119 357717 534546 264952 982015 375215 927112 997271 522165]
[727327 581293 445844 905356 563277 873380 156421 134509 428682 599114 225039 320437 57654 102543 541028 833334 422748 282833 25789 196593 314273 321149 342660 674509 917461 394290 167970 36980 154783 109282 395415 820870 910279 227335 386353 722080 366886 841807 741702 926172 363363 285372 414588 654916 127244 710279 672315 120103 483574 472649 789977 648954 430912 61314 747398 776332 558335 95106 141042 250850]
[144235 389539 274979 95314 132052 915045 869446 482282 999381 246780 22717 758654 418234 350165 260114 776817 432370 956357 375093 501135 656814 619285 683443 472314 176238 519812 864655 689270 928038 610849 682871 917123 692040 293117 622308 514125 231313 902105 975506 880201 749104 848610 382866 175563 438748 382381 915300 926007 810244 608625 978992 438056 243792 657477 247363 343657 595179 281497 515377 129124]
[46266 848589 923126 951557 739841 816380 714401 528658 458297 983466 692432 362089 317928 729272 200771 902218 240009 450796 233750 92030 468407 786813 623080 602634 479269 290428 492131 91088 758155 61775 996318 269559 9101 87836 43237 774660 222283 927000 220714 910701 954177 283793 88845 624313 959705 17194 849226 660975 880144 545419 530089 942394 197517 879737 874677 405220 526950 22255 673246 737154]
[94014 654635 245271 279061 995639 293267 848308 492574 942742 519772 146877 745915 685028 997668 931762 933656 595952 535319 460867 684846 561695 940108 568522 282239 140096 35968 765220 620818 904894 504071 502581 828025 89917 128082 477975 542313 25405 137025 72359 622416 145893 759062 536229 1297 872018 668294 809386 776211 384638 239510 165678 552040 152603 302289 91830 635847 802511 587005 395723 289123]
[430578 893734 980488 970446 472636 964663 371885 955456 47503 535090 419226 536413 159327 815635 693853 511435 704188 344343 965103 989560 599591 210516 506338 338854 716455 970005 438162 853926 926740 121791 834184 683645 744408 922787 651411 497159 145463 5988 431314 820421 948971 820221 444912 873784 959500 112089 588257 195138 101825 707247 796557 692905 47779 355683 996075 437977 86683 935640 66404 651737]
[321033 597671 272230 529206 191489 548441 240170 171800 45436 98231 140928 157886 886259 44294 941051 17138 827968 503788 255991 367898 623882 658328 813927 389870 796925 71476 504442 520806 843586 393572 900896 231662 295283 769389 413835 56918 496709 831663 897373 512008 745798 473431 650659 379488 827245 824259 370766 270207 902790 596483 485293 844445 190732 99399 199026 469284 366752 614399 480276 27893]
[218347 482086 116598 5288 406510 530055 330746 274162 346812 168773 927471 414493 603576 793345 571159 632698 132375 844744 203415 559806 802193 85556 495290 765279 49155 203814 362939 515931 366307 246458 274411 459023 710791 599372 337216 660601 996993 700062 305283 856998 551569 508577 841113 499402 871351 955865 676259 900912 86718 401883 440673 237258 53810 830369 524218 910953 571389 261378 389615 130643]
[540970 610519 710230 684781 359321 193898 992132 859061 151133 146649 182968 724516 267349 216210 782249 766054 25164 877935 581797 153419 888440 605936 277576 993145 404589 490099 10988 268564 885871 684984 950070 5281 710070 184896 929274 46878 611934 356702 253775 745003 683511 907530 960813 763798 262714 182831 858194 38955 728225 700121 828732 975754 317234 210371 104613 398657 802054 668884 429386 47285]
[801915 627889 138471 542852 1387 77687 555017 367492 688469 917615 70317 961194 987713 903311 788877 130066 395321 97438 837698 979937 981174 243534 502499 748297 218357 102534 58199 382763 319906 688293 68735 916885 939034 117345 280417 928799 143697 703626 667403 806477 879270 887298 664584 726754 30226 94819 66529 204782 287841 727656 148550 518893 989398 967197 287326 705456 657092 69695 970994 427092]
[132926 450081 473210 635461 543270 918013 195775 86662 131495 532316 690479 994536 277989 620987 336691 16998 689809 559703 75339 835249 231096 820243 153464 873504 455917 646819 92897 317723 968275 5337 783212 128260 214233 268946 415576 709859 302521 425093 152960 133059 757054 934161 735916 25004 135153 44246 257378 170130 374401 157100 467447 261423 145467 458866 956499 897538 378569 365586 588411 593745]
[640747 336205 511203 357343 865615 624444 83445 276361 890324 625716 957648 560350 823284 933422 954258 60485 771185 440796 449570 692726 406118 394341 705415 356761 607902 464313 909068 275202 165466 174784 411801 338846 424783 198182 712486 283151 43853 295636 850887 837307 404009 809383 38235 218392 440953 131897 594207 639803 99855 390160 433327 77307 655043 856071 606977 605031 721589 954410 604414 7597]
[944636 647560 742303 697595 796509 197660 373559 875636 817759 804818 753544 553412 634416 719529 522270 856502 595646 767800 354984 714276 591438 386275 355556 855975 260126 539842 467113 750207 869091 100463 851341 78211 735113 829546 751285 607589 234207 476841 154546 268002 842888 561881 449789 552983 85595 952278 316393 953192 51879 473715 317682 836874 536203 550189 40014 355940 430834 35824 416776 705988]
[177150 817437 205681 867587 187314 883973 285212 472615 967826 269153 974467 532592 402057 144601 467761 402439 107256 251989 601389 662767 688815 455801 877235 647840 479869 802454 216096 479156 124441 209066 957050 286212 858074 63189 902136 360473 696797 585353 721768 99640 506485 712843 226767 12607 894061 807168 990421 60864 28498 25722 41795 742265 393320 783546 31473 910158 911170 603963 60835 63394]
[228455 12300 741418 846073 160712 700687 382595 670766 496815 100289 56822 193449 152384 769758 109220 765028 415302 496241 685624 478798 631029 847613 810157 818794 801352 848632 932617 887329 432718 934553 862807 91921 458220 831574 80558 861639 259742 875692 26320 515399 204566 946467 720646 543163 980591 445856 230053 456189 793968 820833 44953 57346 375961 307232 462557 659967 561286 446388 129535 541133]
[404534 419602 647062 577709 852505 238241 522276 980554 892701 181129 322891 123763 411151 951538 413552 736175 510786 162095 223804 881846 655198 244430 918644 672172 803516 126000 380491 899741 621729 589401 883978 172410 852733 984005 690243 61315 569556 214218 411445 697076 717818 711302 384612 736713 60812 523686 529362 500231 393851 536837 728945 930943 630379 621029 547454 268889 487387 237928 96678 453024]
[555463 298505 391081 137241 248863 335213 910611 649053 17827 739895 357274 70033 855717 775321 199664 34610 560327 706911 232087 221131 224598 631061 24286 570146 306156 770147 484774 738288 73090 336668 266116 512212 377848 636186 152838 356721 366878 912677 487087 44378 120431 252406 932451 312447 4531 970000 489175 193581 764149 989025 815859 153659 214585 727780 780197 839030 437879 609135 234509 590269]
[259848 156679 359662 301430 16824 929446 916838 890613 868484 990428 292284 547482 638523 422816 246041 525063 766226 404274 733702 96390 903949 797212 641183 704942 966316 681183 115503 488451 786520 334485 13706 365566 158689 549614 525331 969618 220841 703659 61968 342775 104802 854520 906366 609868 609821 825391 187474 953300 95947 129124 171467 802374 192932 365980 876280 106295 962715 446059 346713 758100]
[563585 190597 641432 454432 555278 822281 889250 395704 57107 169502 634998 870324 167862 633843 664415 937520 168560 635518 429231 323075 984577 422995 998009 870110 391975 810639 26482 21538 78086 299606 108318 327079 565271 727867 577107 799138 906377 33210 689784 755902 275274 452673 657029 636035 851596 459647 48153 57413 945161 52446 351811 701486 691641 425465 47476 455874 685967 113762 84937 407656]
[264764 170387 67719 319784 727285 89057 726769 6680 230406 268597 682650 285780 940060 670003 895934 750536 88746 2400 749676 770213 715081 237118 812131 463019 551765 58061 116917 950693 273988 937092 818791 896466 403520 852795 734987 120461 253561 733964 511555 584619 752335 165235 628087 755396 840459 927919 613208 18723 581072 733543 220416 911939 20289 770947 733418 390857 304213 183053 125138 589812]
[41096 928274 767345 157848 751175 682416 370062 395510 104858 427146 360992 35247 367932 220927 131180 905754 619727 618259 921297 824413 837218 956425 893411 150612 510270 29744 929530 677500 384209 752861 103753 70281 595068 858920 157121 468133 834899 639279 428569 295848 85170 713007 185616 430230 389699 267703 982445 331666 367799 764590 665701 680359 579475 779655 662789 174080 402569 866389 988190 477851]
[350110 767987 45493 21664 731281 473207 87109 475046 986371 659004 535519 346211 339142 51766 434169 708906 539637 864379 954305 783346 151138 330891 937027 909519 421545 978055 710176 781256 166264 685802 848525 36108 617581 701198 959715 291166 838018 798477 35458 85925 562734 425019 650177 375026 529154 731101 731356 53922 9899 401177 793350 568365 877059 528620 28341 43414 39148 488423 765999 959312]
[249836 959632 505893 520945 569415 939741 900805 675206 718390 400480 469313 10411 28047 827237 152965 911121 882373 72448 175730 775640 684796 105859 246434 171826 807680 477319 533086 365521 80225 159263 270079 596253 145901 766328 468908 985290 110715 835479 313112 364647 146538 578153 710112 302670 640363 287037 306384 522571 570871 468899 431535 873480 465602 604487 218759 362011 520635 302203 419860 33564]
[549213 87318 527184 729438 909312 847444 924398 724062 291284 872980 879991 717360 838692 450618 990886 199545 842675 791762 599256 95158 976996 649364 179847 626600 805754 41056 508620 505524 989469 33449 214001 308530 926166 495835 841176 194621 308998 48988 175614 505689 465596 135822 530739 948093 476179 711971 865006 352916 302763 318502 296993 610623 641291 311173 273697 38370 652629 684710 179463 998686]
[359822 423308 620493 1452 360164 677112 902691 547780 306129 865595 116678 589535 874363 774239 552081 176694 761788 481966 168556 367855 999784 295033 809865 465825 52702 565400 804396 246390 307175 252859 923633 867743 812567 755160 838446 719100 25701 539248 335491 308223 814361 668082 936772 967425 297389 123985 621217 472929 603094 528142 944133 25306 892917 196981 694345 873310 314219 88931 991848 91667]
[943614 152077 333469 868523 860843 179503 56612 108518 104612 532103 309399 840200 239979 203339 403198 907919 319525 931340 941633 513973 964556 581836 687468 20708 996559 385632 496765 839921 284497 708471 530317 156721 788700 639546 10834 654069 629524 976209 616466 510952 78785 428642 583416 298022 728009 863205 501809 492485 704773 465054 739365 300041 217786 160885 74051 830350 65415 79944 108081 49838]
[826092 805677 140086 876871 119774 411004 54546 531091 446477 950100 863964 777056 631703 681673 796610 879384 815625 213445 565938 426595 239607 333169 41778 184400 901979 175833 918267 52884 891455 889404 362484 833103 85815 751961 80001 117236 895591 257541 341501 332329 528255 611059 706741 937862 100107 436482 924981 598035 735421 937722 26582 94434 29658 171049 719328 936766 227585 797899 283735 696342]
[869740 315766 382284 986904 557339 328513 788502 503972 294160 428918 896650 262595 355700 300266 290136 357907 543928 808438 45681 13978 729019 199232 618075 768305 423645 830193 191187 787521 81745 419339 272741 80493 612925 198184 964597 701018 303656 270119 477527 485345 146059 546409 978873 193934 934065 933276 993322 450064 757056 849717 407477 255450 786882 159827 758157 405383 746686 910432 47640 993140]
[431795 567099 594077 364996 590973 912635 664794 161966 230437 665936 473785 922268 975373 183601 793021 457150 858297 536422 67306 608598 837999 33978 382059 923619 582993 995109 307091 978249 874828 741428 682286 241311 331149 777234 205027 124 4522 57597 21317 974908 952103 612681 391216 999721 655129 953808 114615 22465 423899 838636 729350 314633 689588 583097 941166 317401 610864 897487 574849 364033]
[683725 427670 214929 351024 475142 314122 196798 584026 768255 283798 717288 163356 914980 259182 968855 559702 156390 249615 378498 708961 782659 946349 891855 363629 890211 998005 787213 780765 924966 223377 538820 840239 780552 953547 713594 286764 608659 83654 114851 420248 518658 884141 330724 698778 919751 528563 603363 961737 434664 446275 117491 271315 311236 655847 164417 47243 263833 408250 767439 360097]
[325646 712266 116169 776236 923314 29252 557076 552989 862422 845694 217383 591427 300548 915220 6822 801822 156651 312440 902494 968006 345070 181098 829611 322418 617405 259236 467964 176784 338663 378363 911991 930954 388860 772471 979148 911000 324534 68739 464282 915353 197894 619349 686287 320444 171549 80039 232620 59227 382918 275221 596867 264054 770838 778903 5168 899411 912799 312897 195748 780035]
[500246 271967 90675 24883 537181 685891 55686 499092 810996 874947 568996 155047 423635 921125 388385 183350 567285 712774 215706 931835 591054 532825 707363 968101 348715 767266 612369 485880 930463 395922 26637 703044 254762 516267 983644 647876 629641 490912 965757 348603 99645 784265 208502 722221 372674 389456 668850 13601 81622 560873 699258 457671 84288 871577 94846 854763 966254 412048 835853 495022]
[403512 183470 471027 783009 78404 549204 194860 536029 275823 199608 165299 900112 561625 612649 508649 60837 506261 571976 479203 664445 214056 222546 432398 492621 29998 793031 139412 553430 459767 524351 459619 769989 546336 616043 187810 376467 710027 533815 477365 196741 133987 405443 535366 88576 300116 151187 9932 449073 601965 209756 240095 977699 58896 747299 925175 697019 20052 259755 363851 383008]
[816692 71707 313251 953414 932814 731063 608599 650385 690154 241461 276862 289944 907636 377381 440311 52199 104754 901960 617394 806198 825020 20286 869654 312113 506240 247666 520905 346757 799998 713796 837429 843615 140672 306821 744667 854194 624344 347499 46499 320466 855195 859662 118185 935017 721772 828945 380407 195718 627409 333817 458898 671932 653792 903818 945363 230841 438223 102566 123414 602301]
[178814 109726 458373 74531 472654 965070 212013 892561 861795 844913 675264 806935 891981 14289 924852 904863 995373 547689 965991 712552 354938 363939 856799 48853 608412 42010 68092 91327 974809 236414 994474 618037 148709 316657 639425 903593 62747 143186 948699 416246 917045 965620 887978 288743 652528 466848 365958 972862 623538 765511 46309 709188 707880 678605 684201 438420 87254 634090 569505 190410]
[502983 570636 495636 12147 333569 922136 744209 783965 37148 368998 962125 32155 119414 121478 316952 250994 313125 676232 790641 669689 431749 69351 189018 837735 197898 287679 235192 453724 145475 963933 954444 782657 585856 441551 762051 819147 748504 859078 310819 112320 849627 34307 818067 887280 970350 423256 59064 744567 538033 362691 524661 892314 304830 996005 746942 321736 398036 881273 932572 102068]
[979461 208446 904976 529575 49193 67235 324870 483007 125921 477007 463853 268116 664130 515677 786016 3010 248980 117482 611536 407302 850035 722095 728168 876941 13037 374903 817318 91815 887121 291648 280783 628822 352502 421403 362488 729713 738752 771211 192492 452199 916172 548250 764065 983320 408042 705641 496544 187942 380302 627318 772324 72868 333360 364811 128755 239468 648288 533745 731061 338571]
[299345 691661 492119 924849 73243 468824 269496 932485 19680 336023 520409 289509 857668 516429 895425 9124 428963 437463 687147 610536 215705 557862 637141 378896 543081 131737 129885 763314 846373 777979 865171 801324 995466 417456 419937 542888 190378 865286 994806 767228 611103 483484 171859 859847 668779 398002 428588 561764 335112 960711 221402 493127 615299 973574 789786 739167 79291 313208 296613 397068]
[125069 811101 175341 393201 868714 678887 369541 261161 796813 130767 85273 184777 432675 752597 310129 215833 204298 61368 613181 441902 256991 260824 305270 442767 632802 821947 189700 449383 393705 273646 574432 408127 364004 990185 451602 674928 104581 235031 760511 987802 862078 517452 646267 608168 643199 450274 507154 925954 172994 52908 295305 906244 864365 615789 60581 131016 266142 877287 580799 525241]
[504143 212564 51003 152396 315208 884333 536644 52283 190519 224270 33446 470882 894626 159801 982586 87589 440138 471842 655500 618168 801615 753728 957220 59325 77704 417040 369808 858539 803722 622287 314701 524095 851325 859768 315685 680902 21810 878422 558329 796926 531426 223295 623532 85959 653802 357213 800172 895641 286639 16893 100158 583130 558251 43083 615566 371269 287129 617687 15837 872509]
[441800 329855 812169 854266 910266 577721 867067 89087 816042 48723 293940 408272 316400 924383 812845 707582 621526 233952 837800 238349 695531 310148 293750 733332 522480 203785 640304 219991 587285 955499 334240 612663 940359 254272 176758 621910 959514 467830 527967 242335 331172 192959 129752 693745 264643 676540 742851 879722 916718 996678 788927 614462 883441 350205 183660 924961 981800 436715 376903 192246]
[13208 352598 904121 830327 690366 367036 637183 303963 527731 681161 805457 70501 231417 580989 814709 614819 950505 871933 864468 481937 533768 660232 101902 769130 647183 646355 202196 944232 716028 312022 203049 350515 367450 543694 407924 819185 981874 610982 744190 924839 25857 690195 310741 647856 949121 197156 926242 314179 914168 852679 652670 424092 962161 706246 413914 764642 931744 234231 535749 465282]
[400137 526554 174018 607421 2166 91606 87032 369804 964606 886736 512098 483953 539956 884803 124695 226243 641895 54474 830635 621165 244490 236906 962536 960374 752929 358154 298297 134550 586835 782090 674792 367428 820429 965059 233065 202638 95126 904128 454494 211589 509727 450317 326517 274051 719487 243682 363786 698444 577539 424010 443066 825830 889094 954502 364972 486157 58209 132273 846221 136296]
[622664 563584 500549 526541 802695 756081 303403 178805 341029 79465 460151 532089 119321 183377 97493 264371 844308 892196 137909 391757 94493 861377 494091 149021 725552 338883 885160 500517 985438 742076 500047 80742 613686 718119 272304 725385 250208 878838 808227 366634 500876 752259 885625 907710 106866 828397 335461 618039 824060 141069 179049 452682 989394 281620 161479 808811 962801 275556 155193 244556]
[151001 856733 457962 768430 856157 746973 412882 126748 783254 812201 71812 758288 904447 408679 466316 421826 711262 26345 975854 40444 561682 952940 476358 951683 692352 452037 795342 794304 27620 613405 748832 94780 357628 732956 267033 471875 725466 202497 240059 315540 143721 776469 272377 882181 880303 50486 4745 474457 250490 746680 105640 904351 956533 203496 551048 482950 252795 148613 606594 74157]
]
0
issc
