[[559593 196387 893437 408244 719829 246857 490770 972540 205566 335003 396283 878884 501385 550505 200388 374830 278380 187901 160693 571306 891484 596055 229699 15830 828155 404951 675931 523956 931285 606897 841643 176291 698867 370035 315707 961830 274025 426466 710288 591122 942592 9728 204892 259956 958588 908002 408939 101548 503684 833825 549765 251754 378377 194148 612109 111435 960522 327509 47396 236019]
[371858 490142 174791 511931 188538 371207 987902 824797 825890 789828 542008 284589 112526 205706 353236 409284 932628 99815 755720 115186 104026 459222 394810 941023 723711 412072 430126 23787 172989 296625 991523 928416 471757 355136 987122 49487 701821 717509 776595 841695 698997 390098 515570 339414 947884 329953 401245 810103 793156 192209 986263 550579 592098 737669 505149 40894 22040 149739 782605 87390]
[500360 331794 273298 215062 900492 300582 843687 605199 615666 856588 949590 242277 966354 94550 64925 624712 333818 731615 917814 970423 81731 821569 34030 766664 243955 579161 27376 708236 846650 436084 523854 880893 110912 761140 896862 831399 954148 549237 489641 403542 465407 841609 798284 692280 445316 265182 445552 947382 174 172532 469096 925850 346950 98097 74579 573343 298295 784115 139440 930722]
[535074 104485 1986 81950 845778 374537 977031 431093 330849 496959 670281 964135 1194 906792 321297 365260 67357 828123 238137 619526 137598 910360 348862 755380 699960 890394 934082 159374 547401 561278 989022 145060 303912 337808 540957 991257 242351 995659 155762 147844 716957 23131 44789 410229 533050 698550 742696 840317 811649 607963 745133 607853 356986 95096 597724 32740 156580 528556 462268 31654]
[128640 140669 671782 864489 678314 300861 588937 859520 655450 822659 161561 387773 60103 148550 942156 341354 366332 916942 769283 66409 203391 315494 62501 22381 312992 405354 43721 132456 860183 560478 582719 908081 55684 460867 143841 751682 8661 750534 555482 520446 535628 729265 795297 505852 987624 36032 753418 10657 818028 210809 749401 219425 540780 150330 174329 613266 342737 275982 286388 736100]
[405562 479663 291692 425018 801209 145987 778964 145206 458562 212130 202966 540297 675734 267830 359837 721083 848892 419111 922595 842079 889422 551669 970231 293674 243771 2953 417410 79025 88906 474098 36397 953541 621255 623865 848564 406999 764513 802892 140805 626790 781561 126231 758021 43990 21091 765503 805241 589972 237810 580047 694283 829786 502832 286249 977634 307647 758098 649319 822545 681035]
[2951 129205 343384 627739 127538 270876 25873 779732 542646 497044 318994 613529 841831 559368 620022 163768 989012 235330 29590 899078 180564 994306 744975 174169 816210 910017 517640 426964 896836 6293 771203 32487 777667 608030 856127 304488 807116 807669 6173 832012 967068 559599 167718 856369 951055 936894 726806 604879 731413 696426 557728 111882 23775 509451 574058 555632 98219 853671 360024 68969]
[824785 738415 698242 451146 774690 684457 504070 579512 824597 125024 880881 516353 24602 618470 546569 525376 644102 624468 260341 626733 712143 748776 739453 301135 672721 957355 100068 483297 455141 20519 316765 987393 697651 631638 224640 339378 164909 233434 177942 347723 77205 42433 129457 796177 430555 410377 681004 987940 651816 333091 336162 131571 364945 986893 812786 627361 69620 791777 783501 770507]
[23110 102385 614514 392480 68736 965582 344875 316623 767127 490918 155519 67890 549385 777481 441960 332391 208377 297357 721566 293391 923367 124597 819630 566925 905443 353804 278301 116879 922279 361619 487114 861150 761564 144273 433162 846074 86777 487046 300200 740620 93641 229884 677731 111648 650676 143434 288483 794215 114453 910038 483796 824151 250161 832450 852713 3582 159780 844298 311162 971296]
[376222 533490 122388 492891 233474 239818 428699 640125 651647 989255 7997 115029 316670 916166 825247 53984 660974 790483 328970 181820 421628 863959 336166 945718 938487 663521 502850 171041 315813 359441 926326 530569 522856 480957 104735 497122 758521 715726 737260 656538 276226 118412 395526 307314 951962 770792 407053 558231 897420 461782 689853 817635 237403 416525 483207 445825 130965 560433 90485 628457]
[486091 223892 214399 850288 263842 718214 366305 876641 299087 847233 816965 78765 41644 506316 260331 521696 190483 40687 441673 784040 361182 388345 930909 527509 174125 90755 744073 235173 723188 643862 651441 247136 593920 585927 317193 149576 459700 998411 312966 294559 109935 101802 792289 826428 65465 502266 189795 418574 656090 975591 566159 391676 81546 603315 349406 381430 504094 543662 752355 929663]
[121578 648457 685608 530918 352435 497297 844866 896490 643078 993380 87783 359264 913804 72466 222901 766691 781514 700866 174946 597396 7549 784164 678344 632050 624698 75052 914360 296143 900701 877958 293715 39679 46158 259967 667180 744504 749599 583228 129412 879268 414564 713076 365766 179714 448596 98330 376948 50595 223244 426872 18050 502761 800418 212893 169062 611780 929941 201541 178281 2184]
[384440 386724 686868 382089 175655 750380 756572 173345 114560 47328 151057 328806 625949 564470 402578 566590 924047 268731 700912 68716 527466 204634 996315 574028 508329 402239 251111 256496 186945 242183 207076 338409 664633 56809 642706 18064 491693 309175 303691 535535 724424 820784 548200 708178 9143 404996 657257 574939 335173 616720 289515 615887 364013 969233 731031 348114 655239 976527 440817 32536]
[332392 682837 572583 569489 648638 581262 974159 388836 215274 420613 675868 698835 478437 59403 934091 713250 232613 128337 36654 77446 527639 517993 92061 12991 470001 583019 314532 82504 68125 71301 669781 251635 319875 237822 771648 310844 373887 20555 742523 116870 91738 79746 82753 820160 469106 67393 253730 484214 716812 967578 899648 497560 150657 135416 716270 539204 211572 420983 33141 385767]
[916978 572893 843327 744925 56167 845995 831412 3867 148844 752673 237608 742373 293758 658004 553132 694082 967691 840567 557477 852759 819514 97131 340171 675185 382256 273450 692141 565028 727292 277594 910495 74456 472859 890358 565947 994057 835626 18302 691139 440493 981141 559880 655950 813669 909519 996537 486843 970165 247378 425879 293436 388357 603727 822893 158369 531431 248029 271214 430501 347157]
[313230 384776 774291 886850 160578 873316 640716 636870 591679 130172 990524 862291 863029 275052 673422 712343 868033 187972 514481 115423 59728 808694 374969 93730 59891 703566 20763 169586 210361 162493 137879 901588 461609 257175 904631 227401 934714 963186 268931 253662 323636 4706 126884 431983 447045 196066 386092 967057 584518 411216 110553 935095 735051 345304 650501 462007 76890 686926 538033 150915]
[464878 428760 219911 756243 822097 998773 831219 688926 303630 959411 191389 917064 144445 108638 223277 93217 654346 251148 789449 885910 691019 714803 726982 200872 564734 130108 190113 634150 705107 225091 946424 95114 683170 158737 893527 980031 150763 570791 560849 244426 222017 756284 244890 303397 866456 229318 968453 559541 143558 148078 37182 927331 349819 97253 972208 119013 355147 435912 373604 91083]
[512483 736266 300049 737815 86289 127510 386333 91607 901384 525529 724563 507507 627864 208731 622838 958565 463063 432286 117416 428769 524054 17072 395744 636060 980556 635726 723187 509212 913596 362186 105463 585198 792124 227505 777730 726290 889201 819374 269793 461863 34941 537629 753831 752783 953448 655585 970574 585764 299604 766064 486185 241123 796603 697660 377551 473052 931245 842527 322776 672352]
[99480 299352 363969 101755 680313 212763 931110 845935 542281 584954 69031 861603 302806 713921 985035 705635 919243 148342 988618 63453 681384 689246 862817 492573 110639 489431 461810 247406 81124 502827 478763 428613 399509 280346 700477 460875 571327 825974 184682 306406 248672 343164 466388 979347 863403 48319 876619 635429 17039 606683 966322 37055 872813 472337 330570 708184 681975 171116 185422 813404]
[835308 191047 512030 473833 33991 565868 326011 289617 218586 728172 688125 333597 36171 25231 360759 873361 290956 139768 160631 410830 113735 894168 419907 259686 417422 624981 105134 485243 105854 675837 28646 733309 784563 305273 346010 143841 22495 690325 564673 199172 767573 454909 951355 327453 160554 332262 335407 137020 610658 184159 466640 663167 652294 291652 404904 880705 296330 416004 99237 153622]
[13686 746681 21689 678275 131069 346265 284596 20385 704182 686992 206527 841899 421125 439371 373759 162233 554416 651265 14299 923060 89635 428326 562935 807445 294182 471656 620614 811861 299846 666628 64246 796940 509618 868156 633136 317741 866466 898356 805135 57284 818545 185586 60509 72480 452571 749176 144061 289119 201360 833427 661646 375053 201239 185166 21520 643064 660108 351013 131033 871424]
[278299 26915 412192 206782 701734 940714 771466 52902 26390 761205 393445 866609 626702 750358 829053 310435 604755 768086 548458 245047 215952 177763 669134 953643 383483 923976 745496 705255 49391 672330 648654 767962 323983 734271 700917 716507 68925 867827 361148 314606 156367 145960 247303 724206 940948 428842 936821 810025 457732 426134 133121 120238 260697 749695 892380 797057 668543 738453 838612 404191]
[513835 501902 912124 885824 559571 227647 845802 608709 519098 712537 114694 753915 6109 860641 111187 486056 123703 79954 998513 875938 23754 415495 634604 810683 33957 494335 892676 157651 79319 147658 202183 428082 352644 996799 636987 574099 859775 981765 983883 60892 688453 18898 756998 503274 280343 56733 363639 421467 956022 941931 560392 509982 304637 538482 298237 829264 35975 724037 553933 192392]
[745902 920616 783653 852498 688971 684187 319906 378977 174629 414555 421366 198918 376083 350303 520280 159939 63899 384026 680592 972699 533548 513792 228221 795435 978404 556364 219871 40744 427904 162538 523688 968503 756666 104831 787399 111584 967576 648766 58198 877886 554985 362907 503235 757332 653557 641945 806666 556761 986652 913479 543745 986443 99823 772756 859664 858955 201129 760928 319723 505496]
[339695 391906 852623 583070 279662 11634 530316 577393 808028 364065 988652 144374 234922 340911 516248 398024 416730 7142 882363 843201 212772 546990 737958 603431 659635 288223 239058 286683 500206 717378 106758 160332 6680 217317 826097 219126 423878 737720 857385 918870 841216 31849 240445 542880 941983 499212 186507 689138 226337 520681 890543 494875 222880 420684 899819 161350 46841 944076 374810 46501]
[330157 340001 525259 363032 123760 159446 48444 423505 789159 95685 65304 933052 985463 39122 928592 800049 538452 989003 178699 911237 135729 264261 40418 85575 713035 648853 23402 749622 380959 639888 204968 412271 883959 755227 743174 174514 859166 17134 614626 514007 317766 172316 640141 626245 774797 629471 253011 399763 975137 984203 580218 723336 173831 544178 444319 797544 122380 953494 839940 619790]
[881930 247587 150196 269306 942293 838362 94667 787718 201074 623173 70358 688807 199606 397390 639125 365957 963338 859744 832653 238938 143309 651400 21197 56892 314860 382324 875097 364188 594918 645184 78382 914003 358541 213603 284707 846018 120007 954036 146217 748998 996628 398480 781482 436031 174760 669023 220272 972032 244326 464369 242274 800401 189667 957210 619233 146989 142031 586636 794102 158037]
[717509 29361 275210 171176 134129 707759 834804 989981 355066 938027 886185 823525 843341 907732 425701 875645 306004 587216 253686 569535 40324 671431 719386 9288 136802 684515 88631 892190 922340 852739 572942 397667 733868 992145 701758 558442 960447 379802 772449 904184 378623 62377 945309 435929 634796 344398 657939 274320 851753 547451 392141 471813 610537 767866 199466 993471 622129 878215 980527 328102]
[175017 723307 251478 465080 253289 506914 687694 462337 68652 717861 300219 356368 877470 565789 527968 15286 274619 848565 775767 600206 430980 789443 930702 370663 547289 776650 676049 993738 726727 166544 801214 784553 590587 427679 237523 186378 211401 442391 536963 918953 513824 284493 294295 279036 240118 910295 80897 422895 564634 679729 260018 393940 695081 148519 818542 684050 574756 874620 835184 444853]
[597983 20573 375416 472996 598376 763132 149292 677572 921271 536037 283273 104304 598521 664109 657488 152468 153798 832227 680359 76039 38082 958712 496425 566540 354552 437151 116296 65733 956342 985119 342740 279656 652032 237634 1929 268943 938153 602711 48441 160316 555335 361785 527693 681630 593299 127777 680252 679881 614898 445205 727617 492467 239959 533257 598004 920980 303626 942067 330881 820732]
[62498 677744 161562 636853 142141 716430 547217 344051 693916 948624 588632 889794 692888 366692 542165 164513 728739 244837 984516 700229 425618 470295 529589 90682 36068 916027 703974 385244 377060 374812 224359 478935 412709 646893 548665 87617 759634 955932 287443 824114 821674 180079 137061 557153 995250 999507 527327 682300 917945 900628 503679 853546 197283 293302 681015 3894 723514 929911 754194 971125]
[249578 502572 358920 912440 693224 271096 410852 803906 508407 16374 816197 825639 922296 444828 92056 86394 180157 954040 889382 851199 355700 155242 942304 39550 124822 319826 76668 500371 727478 596529 483015 426718 453854 470932 49754 659375 502513 979861 64230 337057 552148 91239 308160 336849 349144 336866 417062 858052 279492 798154 578818 908491 574954 632026 276063 759664 967989 902545 894670 122347]
[717056 220406 800636 254671 882006 996204 839384 847299 152458 951714 874971 107439 15336 536820 111953 157691 70383 436473 663049 400151 943744 400669 836491 805 465011 786373 478690 333954 687482 52855 710219 865978 401227 364704 243335 556182 353585 935458 964029 917558 673028 383505 445739 116169 20667 148024 494757 648291 534584 523335 792019 407814 206679 918695 776487 120308 514227 734772 541776 664767]
[388253 461087 911403 961630 987759 672072 484318 914729 533591 353707 467563 570453 272000 107796 855288 412977 795293 763203 65515 348419 187147 206616 237815 291985 818440 937800 934011 725782 16125 603409 2875 384082 538164 978734 574060 38009 292904 829428 846135 87211 343622 847811 434771 126256 325465 43614 385414 747455 159688 152811 262763 895103 128459 520496 668782 411447 987878 784430 658951 257085]
[79563 448103 12743 636911 161743 396199 694141 711666 256057 107010 276514 526479 252244 759066 401247 652452 244007 487525 164989 284027 965544 795265 867971 976120 389585 902001 316806 65705 260331 410038 481803 386392 481543 902859 87579 958297 50758 256271 378218 108113 79192 475319 122022 455388 729632 867305 943683 275589 130954 828767 382297 582897 879202 857035 349810 230342 645268 882387 446107 243002]
[872673 805649 943192 403795 913829 539570 15932 601639 315192 902977 492855 397071 739994 708597 350791 654550 519754 856607 208575 729934 712644 379124 222170 518508 16016 644233 227014 232657 284240 217051 521027 104636 583932 687527 54564 862975 364953 222838 407699 495509 754198 41221 881705 443835 960828 266520 785164 444912 542968 323886 81034 632862 53733 43734 539357 926901 950289 486880 416838 690731]
[57137 36736 916544 798917 212034 145926 343321 50784 629902 658618 520601 939590 262355 718594 897453 129817 549043 644924 964220 440825 990537 476878 580597 326963 626758 90687 756902 517025 596887 639145 501066 902351 589264 191340 762823 726218 4223 938229 228495 751763 912140 129451 125314 165738 950097 59825 749813 104502 90917 911074 609481 944664 868870 446891 742906 213010 668512 290018 445718 455659]
[449419 989039 396637 429505 438363 166137 745351 971795 771150 966764 729670 879481 862717 938615 567270 440784 308294 460408 767141 591629 524853 426398 43610 518971 705570 763697 439825 56460 834586 381143 447928 625720 469479 717063 373733 105256 950227 784185 876959 615542 232322 948281 47225 938502 762017 805908 683972 982682 34626 839918 731588 553390 761853 51027 450910 653401 430111 188990 72136 299868]
[127849 688633 789216 251678 398226 605154 142782 73797 903896 426417 283300 556186 319212 288486 876628 834636 874965 879074 659290 759816 112998 726158 54976 492036 578414 627944 373672 429348 110693 593312 813903 938283 882122 255800 471765 520496 379209 551192 341294 377672 134010 924544 805935 217230 745268 287517 192293 390663 151688 716770 413266 849071 210626 633347 625999 432370 958361 724186 520526 695894]
[327213 50806 133671 81870 982720 310098 949691 302186 485676 59529 655317 141347 393534 989269 388925 156480 144620 894627 123753 250088 638688 446230 810602 702435 710679 894273 587219 806380 678968 248179 631930 228738 713167 593370 27366 673006 104374 298753 844767 815274 725624 744849 143709 472910 621738 21878 318510 865227 633902 184435 362517 174173 245663 743881 759131 445547 75103 167783 547375 470310]
[750880 150119 832734 865120 866863 912564 37537 879471 706827 948678 48397 843839 196464 875200 682849 118522 358061 339903 505723 675384 716493 466044 484027 8068 574241 867245 352017 439001 161780 208334 485750 445533 784042 429393 266051 244952 901933 901029 161238 935792 6042 182298 279137 345001 553365 68721 468938 732288 211982 848699 99664 610433 733977 156864 545255 842566 721484 784045 188021 193211]
[354365 980780 180303 792922 419543 484996 599575 757527 141843 269105 382738 267754 908877 308560 899007 858823 170900 529973 762195 554559 72599 667858 90751 529635 215739 616339 269388 504350 748196 610878 991509 652483 916903 454621 36761 657445 383020 351820 57976 832700 679851 112598 16268 534530 71035 677719 923437 553350 697175 295030 207008 196579 644374 96739 265129 313041 125574 428922 97053 779355]
[566159 752698 559263 280314 217489 590767 647289 713701 629948 540058 815678 607568 849310 375814 765710 248325 525919 772213 216059 652506 887892 321444 108868 277740 693675 548060 925818 532060 17004 275534 154617 327364 76107 733763 928247 124829 148838 792590 741261 935692 212679 679525 880098 122485 411931 532644 399578 263847 295104 792728 309115 501731 339358 641967 93100 634125 12856 796885 900243 301899]
[567713 943996 554478 422882 969533 387449 492311 588350 184949 735111 375053 618436 970136 819382 336935 377844 461106 614697 454062 914046 315318 231732 452055 517234 90715 622192 377603 998507 807764 751134 994758 630218 783202 751611 728563 188951 354921 327293 309742 805461 456215 900613 693591 254418 895902 149183 857719 948186 255478 735640 79634 722923 659837 409253 494919 622120 834025 678060 888705 636240]
[659489 836121 198058 987435 745210 960959 220648 767098 735390 497112 232155 396332 611725 125125 921350 424522 272643 503334 918952 938684 814884 295380 744353 524673 133241 868288 17399 413343 774822 786269 442648 266869 538103 781948 370242 725521 2527 95526 553088 455893 165741 158943 940713 20933 520848 159517 592858 451056 402111 823014 361529 753603 300631 371855 383377 470462 68728 363161 952032 181618]
[868041 886046 724433 389751 862264 846866 898893 446193 704358 95704 426669 471956 763109 207583 633290 87346 938036 624815 105348 196638 965052 312161 126172 150600 15753 15852 724556 47336 247714 556373 807136 653116 730855 487851 403146 887308 246550 491241 861289 918752 357341 132443 499400 184489 582851 841863 703964 118787 603400 252103 374106 495688 338278 54062 5566 713814 839822 788680 412915 874365]
[857286 873785 154753 666545 619331 203933 297765 888700 445519 921796 444242 848060 927381 88500 732871 831102 915489 241940 516853 114577 602580 923226 406614 855409 827657 997637 480828 421436 426613 523174 85241 570450 174207 950969 513571 876156 318145 388351 111392 633734 916111 796919 315645 540932 179352 769428 708198 178970 962247 393716 521433 824086 158216 764635 712635 879182 52087 883945 534951 229595]
[473118 429860 795398 697644 396027 810985 237785 298440 639651 749959 660410 929194 810717 475171 689373 574781 58078 197465 653645 896516 857809 66346 402792 837850 909887 600434 6181 955276 960172 485003 805018 770928 613293 866592 650075 497359 406076 143639 858295 363097 380056 490060 644664 772682 914628 977350 903914 748226 153157 630725 430264 694296 618372 551206 500983 934065 828793 379209 983293 933828]
[910076 342244 561741 837192 704062 188268 229194 594751 337807 321097 879811 163473 824693 772996 63030 372865 832504 12887 930210 562728 882370 210478 583222 975354 903155 139208 16391 909867 760439 853112 323947 69259 777722 740024 902418 850303 628348 893130 419362 920267 287993 865359 600053 369796 964211 150600 146629 532214 885558 13542 144543 353725 186843 36019 102958 200245 732233 338069 794564 94933]
[860282 195889 328890 223015 251948 427194 622333 74178 752188 583814 579280 969680 278853 525787 130228 405588 806279 621926 606252 919001 217078 265957 448131 673507 630249 944296 931227 486662 111331 718206 582850 135530 487437 601663 209075 929596 72946 432486 739862 901232 752528 144999 730129 932468 580991 605562 984457 289895 69910 498369 302652 935765 923957 602022 476242 288455 720829 583245 877597 18097]
[789033 585342 583747 178138 631333 443002 507824 748021 686485 985747 160855 261594 592572 649054 271186 353174 867409 828166 190413 259109 847391 61963 499996 24095 590992 454822 326095 4195 249726 419647 944792 706854 272545 583029 139125 932297 78763 871417 599802 738970 793568 819734 510761 989133 565597 370077 103934 356909 644841 124935 563059 516870 333288 165081 502474 831000 231258 214797 197518 246532]
[719868 673134 416973 755595 505060 629864 999651 932909 337053 640077 742925 641159 636939 479186 688634 289041 533320 258838 571689 20410 387122 300089 605897 268045 75752 281378 770145 408864 731925 770649 875472 506104 683924 760706 892945 387234 68288 334120 887543 73516 644865 515471 975237 813482 275020 637815 290697 540907 858495 531247 282819 640219 937737 392055 687968 122805 937476 474177 527215 372348]
[786171 606105 123320 884350 889142 432600 75699 521273 929145 554041 845827 484576 173937 70993 638013 496560 752405 866947 244286 190560 17921 286049 744891 834170 703852 514092 353901 89507 547270 958518 465015 598020 775070 488758 586889 941799 623524 386733 707670 575484 641961 62126 673001 846116 586062 369317 978619 531243 467771 993178 576676 223858 926340 765611 96191 956793 759493 592130 683980 504552]
[8938 467637 384738 618819 579768 506481 648847 444132 378363 458951 80233 524225 980892 31508 156215 274953 175187 399064 912960 781100 540817 82387 284927 70153 45454 142391 512480 240189 366836 4756 728905 183116 64849 465028 849766 621359 778442 644574 292994 953580 926918 833710 524873 191151 93805 897421 356853 241670 294035 844421 625677 272761 406503 958423 411142 434040 161570 884450 517318 437325]
[652349 977653 156777 286554 476117 272248 505772 304161 989736 758346 422105 418183 919116 782578 654888 958954 636704 233392 21252 375444 650960 21336 497009 293752 424562 701228 704833 257782 151460 348257 74165 184190 692595 578414 770446 502013 670707 414515 537848 208048 259191 869248 228144 926037 449009 234440 226673 290638 842670 843914 512495 409870 54751 463565 919401 136973 831611 394192 154590 466225]
[426566 87876 709584 541590 800598 576445 36368 165591 56251 210775 786315 31063 660240 644413 243971 56605 139522 996779 665115 125058 854411 291514 488672 972046 539581 116681 50606 22173 339438 4337 244081 870773 162287 993777 109210 147697 964877 227158 808774 822917 886527 849533 808608 754998 93720 694645 943774 541745 643889 650000 787227 860942 712616 568657 291360 966021 342348 847851 569893 194000]
[261590 404447 473932 150335 991914 1184 397768 747069 810897 701405 324690 71025 853808 487313 371260 468399 161180 469823 477148 809507 69274 569022 784427 502234 192398 852031 48924 564066 143957 620672 62757 841142 566949 931892 646019 541030 737048 103784 867251 810418 982309 909729 129381 882527 350941 881395 789174 57459 854087 302395 20103 890647 484723 713558 826569 993354 509272 133600 880147 518736]
[734744 731166 219751 290937 256609 92098 566682 203782 704178 994939 197238 381438 275989 301008 340985 168972 681342 820515 449010 104476 575120 886568 682561 770588 113784 431242 959527 748693 36362 11728 767987 860524 765558 524783 751661 755936 216612 493151 255656 579536 388752 932164 536033 321612 445658 1021 369559 477189 364731 484607 97874 949068 916483 305615 642639 698456 233328 935524 239128 957212]
[285869 613632 519895 453963 486701 322390 180999 306118 873847 61139 409502 54777 922413 524888 547855 243311 76311 267666 360528 345290 743527 631194 524990 840877 802468 889973 99099 639678 877303 237542 644306 825867 24859 367141 378264 551422 503996 281747 759743 759237 712376 375788 641350 736271 597170 758605 318713 7201 265405 204121 78193 831391 641805 702246 242189 596636 421071 238119 126394 264712]
[574647 110054 693174 122016 707763 464976 524405 675001 694651 943409 194146 216689 622532 949466 655367 596276 4051 775553 809655 295551 477703 583821 105861 600346 39447 926530 345891 243073 669690 512708 267500 235558 968834 74002 968002 530660 960938 446721 946836 747074 937050 118159 741581 718635 180139 751430 323813 133394 325064 449287 893972 301596 382653 228006 614091 629945 837395 282485 61632 809188]
]
0
issc
