[[183953 703743 525062 397359 120245 683813 32039 665129 95979 17757 53813 721144 56208 400764 541710 844513 349918 614621 597854 821629 577840 433651 686796 497442 810560 514178 822596 274027 234465 953084 327779 215675 655750 219305 322372 840092 267167 270916 581755 746824 618328 572405 536516 266970 35926 95682 620266 413789 328074 792355 620625 989352 238515 132058 723549 447922 31097 867312 652277 337538]
[292388 908471 503416 182792 117276 385515 503346 166640 836593 560160 370312 183744 595564 708403 857281 537814 910967 31991 358663 183169 489797 477156 521354 540002 334842 816307 546450 628154 664796 505030 253651 597190 737742 911879 64930 710331 929025 152431 651474 494917 548442 390596 241300 184085 687879 699849 248585 424438 401745 905071 169067 120276 28220 292985 892212 686700 605227 293818 194432 763196]
[608680 158459 229622 232607 142440 159994 89857 44935 384927 421066 956976 652955 249791 425496 280106 459052 137410 321633 970552 383262 957636 210621 920181 416691 562658 559263 816015 426172 32073 601253 192044 427600 490692 807413 910720 219289 549716 184797 344771 30132 270609 199699 481349 940858 132714 955212 547439 535259 288448 499146 49936 775951 174392 300665 87599 230386 253353 216556 155868 935078]
[296168 768879 181284 142602 337866 400216 885967 176264 172192 784861 311828 84970 574244 317335 452063 770436 449394 958510 171876 296577 840209 116633 146299 336976 629047 591734 978175 840623 413285 956318 282167 2469 17516 833820 326381 986100 567980 836154 126655 701006 147247 409622 759564 145927 376643 889713 813760 739710 790730 732806 791841 139445 408201 293011 838236 18458 609272 477078 787965 767781]
[297562 74626 430206 875196 326754 320485 250257 379063 893279 616469 473991 545110 420890 213814 680148 98904 619084 562135 90177 608021 651370 652045 100546 959819 790943 127222 283749 732393 763907 717128 761506 962733 281748 191960 717355 528726 737141 244996 856186 947713 569246 48327 370736 117591 140174 448649 455068 519742 976944 770770 495898 31848 412406 805062 712004 864867 382246 790577 530982 771598]
[663179 324732 960054 758381 936820 344745 860404 987017 986736 753728 300055 375135 282359 413351 113104 245541 336125 518340 83916 167930 258174 402261 264393 644434 273775 110458 711872 405948 822286 656981 680434 487192 745502 656320 157860 442040 130139 77647 758195 614895 367225 592635 21740 434702 287387 540376 41172 729390 209917 236615 440623 628842 471132 626509 633233 999429 988793 33217 680428 324263]
[54088 139442 210460 750729 836356 305773 733471 386339 366729 354016 717631 114563 759715 113324 850684 908004 476523 377915 478996 873280 604096 781039 728147 677870 348926 430629 485448 523907 698522 787563 280626 863189 153158 465412 593887 470668 513839 925187 339425 361636 268871 283324 360089 108173 776155 478137 428518 492308 436243 68659 384559 636000 337545 863428 730103 429356 336959 310265 739732 690453]
[11407 598165 8065 704563 11586 757998 85679 544938 616294 682179 639286 161895 348534 524874 456788 415373 255333 484072 554490 480277 96666 956107 802296 468757 224412 575898 600486 843680 492707 212872 870498 167634 350352 668270 414963 524967 559537 511088 991539 581424 907063 847903 130862 334686 969692 956597 354365 792752 392200 592214 455838 507369 567369 829821 983560 119749 421838 618961 723187 238117]
[146065 883944 932646 236903 700811 26609 642127 312385 64920 17516 545862 449043 197001 967148 830515 807170 122365 238244 876692 15195 849957 807820 598201 207781 420653 705277 922944 32594 326104 920805 702796 103389 163445 16152 982373 944420 773911 726575 713663 352741 532543 866306 852937 760527 587792 381149 989595 638986 225062 149396 191109 916603 335558 305426 819816 462660 261031 281433 934663 222738]
[19449 83594 474550 307162 504893 785523 416980 625985 153983 322106 87448 147977 713518 363023 157912 615693 639020 113434 31250 939161 903818 466349 922279 975284 660943 928649 273288 557914 534398 672543 701345 862100 23042 673608 999363 677008 585607 760700 768885 589200 44373 377832 157603 994467 591389 976269 497839 534127 419288 801891 565355 851798 895933 565869 215496 400513 85087 93710 766717 125552]
[319340 460235 853343 424084 123795 45668 974934 758797 53338 240702 975420 890772 126013 543667 991941 320195 630900 637783 271968 960884 830965 163733 817618 213094 230305 408549 248990 479226 236806 848189 892076 556883 627897 67852 144500 168754 132245 148957 806164 165107 284511 782560 108708 379129 994322 508574 364608 919142 371161 403495 380558 408904 306440 75448 497496 993244 765758 69514 156905 437917]
[133181 302026 511379 244834 504523 689236 982090 38427 4566 682727 724408 385934 42247 498263 790224 361621 788791 113608 235932 542527 95048 304406 95459 536377 517643 599185 959505 759538 177008 317344 670471 639252 686953 174227 476362 400669 848881 210616 197792 679222 808089 363481 2358 722818 91212 489152 531700 65335 878908 953713 282392 239123 460717 80013 640561 675372 195779 36031 409996 150825]
[399712 297265 746945 542907 646277 172530 969094 176174 953440 467284 112312 581502 874641 635772 68470 237064 584245 559684 51696 223495 295624 573748 828858 843641 818844 892361 958372 909478 978318 435335 970326 492299 998009 612936 793267 724439 653963 292377 644077 548377 631886 445621 875795 827079 729864 513381 823129 870005 648310 996338 832357 514042 95425 805953 808657 921652 129595 640552 634283 691028]
[786953 346283 991771 430310 639024 695027 283367 11623 285101 84496 708570 174373 296624 769964 912756 270977 225314 688237 182128 399081 594530 468102 28118 520808 526617 953135 935224 298336 301606 425576 795890 72538 489912 332904 221049 583148 267157 159263 216277 983074 345169 517984 643290 431529 461951 59299 725440 869952 219931 1852 287109 367224 33837 587369 814390 915035 830997 956072 126607 449803]
[312984 900883 790065 288141 428909 833331 279869 886146 836396 37766 36814 739705 869262 407738 837949 466453 125000 355814 137119 685067 109511 205145 665310 352938 163430 8633 654516 862281 792251 751806 691490 23648 168780 57300 465466 902451 906210 429236 341071 683239 808998 239773 596305 806316 995927 974429 154818 139697 543467 502306 980409 724758 274090 310460 597001 246761 865131 272383 657115 819825]
[673424 73944 950010 236048 243788 68667 158859 963076 974538 85271 889466 637316 163956 449447 399044 384509 275793 205206 547942 650311 203675 810507 84246 791618 19397 886783 190840 498475 148969 535404 677624 522981 591860 269796 630445 73163 457984 370387 18258 812802 406454 443749 704670 74961 536398 261369 16952 51494 555636 738824 255672 660249 958544 796657 973302 357859 489784 791295 125984 174398]
[696993 305731 408591 912733 979711 692753 461736 662013 56959 389459 147441 590795 628168 151756 392406 426094 650032 130696 641059 909747 570422 183819 279483 400940 983648 41330 844076 560830 264913 40470 687800 747675 299453 890454 325551 880079 687493 209382 324787 325642 729512 140281 832116 699802 647483 705826 705127 757058 141136 173875 230005 556919 27429 14300 559773 517150 459384 848106 427478 44206]
[358170 687763 595140 961658 399728 999843 341759 53610 87302 161152 451951 32730 841493 822555 427154 539154 224298 597747 767242 573449 550023 747934 897200 217799 538152 71776 443025 900318 13469 137060 145140 423206 963605 943976 577839 492726 849257 389672 893366 374699 69442 229205 573019 782503 256569 770275 599376 15105 367296 621876 934029 685412 469797 767089 19509 47881 979755 546392 36695 734724]
[96355 579577 676353 496006 831371 689823 922231 995232 158182 165016 709780 575563 997478 69236 822380 322626 631412 547914 233466 797192 180327 43787 951750 740297 345737 818039 729949 296095 420822 814457 105574 379647 400524 373957 918802 53075 296761 241308 677069 866890 715171 469793 77171 730554 820115 818436 243884 512320 916075 586804 838262 507662 16039 208589 220199 537507 588145 412734 981860 826715]
[710094 709380 76282 357071 626887 606539 266369 240798 88280 529367 670316 820691 254895 141733 323566 636562 938517 502958 273858 726878 900348 117705 500628 772705 518882 341687 552123 450300 45971 613016 824335 200721 538739 339449 154795 858615 792288 124934 625160 308208 59174 660658 954532 978860 260846 503711 911101 569537 631753 128505 751623 599041 150794 56371 663070 232376 776382 731422 187134 111546]
[437591 739400 134186 511313 526833 366078 177801 891520 141976 200574 512285 988424 350300 692665 80147 554246 400533 457340 583580 776285 494297 189944 314649 707679 842744 76199 321412 889402 420828 486158 779452 866424 899214 446139 184986 519652 419915 172953 52948 415249 185783 768917 516352 456485 201515 155004 16480 253816 732546 666921 609317 682189 832763 64778 557490 349691 916938 183841 221300 604636]
[266905 826071 985536 437586 959659 74926 439010 789016 731175 444003 683196 896908 219758 64141 287722 551141 190372 869052 34946 853470 147042 887901 810613 185036 241110 578042 76670 752711 453347 486410 298244 747196 168177 17805 533907 406907 818991 240132 278052 156370 72589 683417 375908 84394 758764 751253 404393 411385 585842 361473 751456 621602 518712 793943 260644 9874 164687 203027 393073 904391]
[945225 378501 888520 101620 49213 668992 554386 483753 74770 962597 707555 112972 235526 820039 19374 241035 152715 197939 596808 468577 544289 253666 328456 933033 827905 28142 248428 156206 164058 196506 708825 533577 386750 184127 997216 40890 60379 760277 156575 324812 978232 569617 680815 347968 76727 504905 623870 375364 323768 414609 498676 141238 617964 678548 182011 538419 401865 347859 159607 43778]
[95703 49779 653942 50205 717696 460175 253033 253163 922491 610582 43662 11281 577278 676048 44718 60152 44382 581485 126152 453280 259839 410279 881757 917981 390977 30187 763665 517719 187355 197849 605906 845147 479844 616279 934491 537849 668439 137749 197784 437704 375947 159922 724343 399405 333924 724396 786479 843903 19749 364808 217015 935356 676912 140469 293942 560725 32717 32693 136559 536803]
[966188 926348 623185 206709 284241 310552 911501 970136 583949 675617 602517 555324 123101 763223 352272 502778 581453 986565 239605 153848 238945 513158 166070 75662 845483 348446 496523 959049 684977 756793 223714 889177 910989 404972 462343 16995 761650 994170 905073 103304 419319 309394 888505 970728 333402 686782 369602 454963 513266 31233 878722 899148 193045 844502 507281 863110 166753 524352 60654 8729]
[629698 998328 707530 63535 9763 329887 61364 575295 749809 507668 512487 499647 966062 135188 641609 316061 874789 233995 477218 658261 284672 317192 225379 99487 287627 255860 817346 832135 433926 966641 528949 726558 571860 393148 993756 912456 62995 825774 197766 399907 318667 725246 405133 47034 792263 417101 922422 429825 649660 213042 9566 855218 645507 475209 973779 640732 824911 969713 617084 986355]
[735050 245404 782000 925487 397968 9903 819589 146595 453491 377078 493720 666114 314133 68786 165052 138109 156147 105063 379181 819433 367596 876625 81505 563245 24021 837766 266007 456527 1364 235839 162141 900088 389298 952469 192259 916640 847306 435601 334302 312871 759793 265987 16779 423684 811323 859466 779902 46781 652977 860708 394737 803324 713221 924523 682952 73167 760217 33167 972076 813529]
[644027 794517 763061 564222 234673 81577 388808 601070 423775 923265 88115 147385 623438 384650 256537 775908 113338 423680 61478 777185 539178 341990 841283 397348 435371 657128 751732 340641 173244 498108 551382 384699 162400 519765 704360 205459 916957 86756 700764 804014 267161 519172 824206 701019 324000 284635 903133 518122 715840 239320 483374 744521 93173 833238 747543 234681 980390 868043 466755 168475]
[7252 396864 320116 548230 819998 333855 750145 354026 246326 185604 403967 970676 9386 509912 5092 139255 240571 237694 221524 542396 36962 143582 910853 904674 733815 46110 369517 972058 243380 106846 341296 510346 842676 200550 235027 238668 612634 798358 664118 412484 247536 683753 766481 764302 348878 156747 630679 26747 865941 953362 864758 113851 64590 133187 288462 629323 599800 995090 749308 550442]
[983522 8374 230995 41262 799061 566812 298583 615751 902586 188050 159827 142585 796389 831718 6654 170063 849299 429174 361633 931151 542963 79235 955424 478817 593373 390461 745415 683996 983192 471521 168871 643107 905125 74362 734953 548308 314913 142120 631573 339007 102789 484587 981092 866447 630938 276092 717640 691046 439940 506527 879766 796842 397338 795036 111257 458137 653834 770474 361686 338399]
[458140 507666 680729 163943 744490 882220 465072 618342 147366 233373 765178 770140 442393 81369 353943 401613 358299 43397 178686 957318 414142 528697 18936 863033 447458 440489 291786 143047 740291 528027 582094 851489 741084 292186 575194 755017 535976 989893 277252 784232 68241 976488 209206 647400 2316 8406 137470 702959 113117 11878 70781 451279 724374 126612 813595 533830 278499 829828 71659 168142]
[438061 996604 641028 474899 343008 439457 925137 184272 928935 720612 569551 914457 795862 910589 347950 941952 142448 7183 94651 146188 163871 284276 81764 691751 298928 461282 862280 261007 907569 118271 828374 840454 298714 680770 668327 124135 59206 666402 191075 85791 78064 795419 902623 468975 552643 504677 508859 836910 305352 615608 676828 72157 905483 697309 794432 121367 663951 341879 131688 488774]
[218772 336660 454479 792184 184305 994392 972215 896875 66559 277174 43007 548606 383197 936373 428953 489397 781027 670343 74946 761072 615788 63853 444288 737396 287528 328440 395427 779486 749509 244799 427888 636391 580948 971891 454013 960667 403631 704372 231402 994567 577391 83926 672926 558948 138503 181370 835281 529499 655727 607617 350788 507783 394926 656707 590456 785719 736726 105719 976832 730431]
[957379 538797 144858 610123 779868 432662 860759 571687 514879 285881 486794 799740 548413 632043 441840 613401 79544 508018 765296 652245 272085 24054 615722 927529 697659 346082 386353 843353 269592 422000 458070 470056 989453 203290 932892 29533 246831 233523 277543 763167 539758 241549 834622 695451 405522 995548 988335 358519 850325 33107 400690 207316 525121 140684 644602 815841 527723 150567 204619 807179]
[295555 983520 385517 984671 789056 10779 976321 724061 351367 391443 190550 129388 461405 440895 568642 672210 316446 392985 858688 606450 918954 466623 291800 916964 602552 356231 50561 369249 814340 414638 487283 180491 548502 634341 759197 905086 538800 839174 315341 389460 497464 824124 454994 940852 168099 558153 976529 298002 550667 588562 889664 767706 122070 563261 88919 64094 724844 507519 162584 922452]
[157586 790186 236531 476412 845618 987796 997206 489650 833960 117554 479385 583061 650024 476623 848506 336622 801766 599499 133238 248564 335781 69671 637358 118002 513647 328099 349879 684111 205637 545321 818228 738533 177050 388887 653665 437179 574575 588399 503014 960534 293668 303875 378796 675234 312884 268898 195669 803557 707990 823976 874430 800415 719811 369250 387710 32271 835757 258529 768529 471486]
[116796 906268 918504 582219 883283 936553 698551 145843 878319 973998 27024 979787 502764 774124 335829 766484 430920 99512 539586 213985 33534 616076 445223 560651 343594 964345 333649 44332 230751 799466 154897 857585 858846 337561 750260 591892 651738 742196 376030 460436 545910 848996 475922 254489 932062 496978 353953 490724 998420 333503 466060 837823 115566 699686 897707 272289 909443 946681 608711 651767]
[136263 319228 662878 687425 824895 213272 415007 480329 500127 101274 606906 750711 937185 306391 261225 443326 812494 431551 656848 98828 598833 56953 546235 66782 719666 354405 450740 412694 535121 725843 738158 44258 181167 558622 198637 764979 601821 37998 814077 662494 300864 84827 299735 61447 616379 403398 61037 396752 56263 887586 545575 269485 23116 618957 143104 868671 678435 586733 160750 221317]
[565636 481348 590610 67926 706665 332768 872009 610014 707811 775877 465111 268706 751484 476544 92872 131314 580738 629582 561867 201361 212045 800143 323887 517727 951983 538110 85195 653991 751680 234875 565289 679484 634787 32656 538060 967446 708571 926183 34704 236600 678467 862101 110558 583493 930030 495804 8613 996340 243813 867392 141030 633441 916757 347440 958403 942572 307237 829733 848495 34717]
[571581 903728 163833 916810 212348 584214 272666 986248 775519 446400 136431 85262 500841 37494 957513 444329 407006 354532 517819 217972 948142 960368 124062 824345 332933 487081 757260 575158 334903 601987 816906 202908 838008 337293 422532 677313 104708 216737 72636 566405 196270 974800 657705 948568 8988 842330 251086 815633 215506 414670 962114 980923 105741 999711 293975 632869 971205 891631 385035 757104]
[224452 769790 469694 966356 394782 379305 349498 588081 586702 438218 206142 979619 204077 879536 291855 136201 836978 336436 925589 655620 680411 645907 987952 736772 147030 333199 48941 697240 398769 558985 388875 385439 644430 991190 337705 146279 553544 514973 726821 833528 362344 649567 178617 7516 764321 706198 940625 500081 309416 326969 661290 216029 293076 755788 225052 382146 698942 745787 98374 801033]
[56057 12550 430725 375086 767109 338449 896700 255945 263528 953268 804528 788175 698878 39325 6228 225999 166920 37854 684886 715501 553617 63668 929841 112635 407948 502180 836546 340882 622057 542476 771580 16836 661265 321803 455753 258311 649785 130279 649173 336324 419154 16011 515770 591223 822334 104556 413722 245887 989118 501208 157076 647188 114115 997421 272421 274130 878775 24057 331010 4231]
[396515 545540 810023 746663 834620 368395 35331 917737 470949 922383 977219 126115 273680 12506 757786 552296 594416 183988 942858 816438 91373 425393 822733 124331 854144 834776 600792 223056 120839 474713 398704 784811 641121 576500 640666 296407 729835 99076 487446 521834 871598 244304 977186 183589 55759 411128 557338 440261 431247 613415 356023 531612 421816 846754 411244 642755 944890 615418 847172 562578]
[359145 172653 382325 203034 182650 846010 639277 837065 563866 811492 399393 726432 761920 961101 165394 297056 388805 878178 259632 197848 77975 913934 708639 852172 387934 368367 142682 139911 586073 865668 505821 685213 230276 98743 672864 976158 928873 878794 269988 529638 650015 193292 783418 813946 830285 571668 798323 235336 476506 142023 233878 530577 138007 63935 975156 807786 10404 805034 270219 817285]
[904403 403662 226365 242539 392209 700615 296458 457932 172130 143400 480108 127281 25686 736800 446845 683601 714995 946889 209971 440828 800964 437257 486502 637954 185190 600069 308132 591311 863497 489690 355556 805092 583337 995212 38580 436542 420283 539356 657425 123743 390779 207456 244289 620639 724929 268514 408815 990432 611289 916303 6613 387409 589816 913484 937175 795891 773749 854522 85777 163799]
[61169 458620 110586 641581 56892 40823 655688 519243 885889 70492 680832 550085 39264 273725 610614 653145 586828 69430 645863 671693 137793 364156 832258 198680 921366 77951 558536 794289 476409 432107 124054 363724 623803 699259 608450 308899 607034 305539 402138 384234 59225 897124 776257 877395 640395 857645 244903 934858 95102 759575 946303 561165 87428 356677 274454 573649 673455 510691 830798 539846]
[813215 423638 798164 340507 679923 283732 335968 769985 988733 307542 337579 253242 880391 516670 9076 898626 505442 915849 514246 23170 84107 950108 13277 725937 794425 565719 422082 775988 446386 954070 825046 2633 117653 460408 585756 911759 528742 350391 946004 164036 28299 267120 707957 244140 911813 314013 187026 859666 660900 335592 436766 718240 337344 24297 854956 863540 480554 5347 625197 917100]
[38756 566552 896210 625650 949563 590242 629102 679401 958500 8282 739773 983858 855919 981976 581780 679522 469580 574714 775574 771977 410860 90645 901708 693421 361204 326607 631124 776439 316730 130514 685022 52795 289056 308601 423256 322803 253155 970417 556172 610637 312405 742541 561220 184559 742926 353845 154014 445638 287357 183051 277189 698539 73292 553239 328563 66102 420464 653879 140419 352750]
[922475 970550 311243 195972 816095 503877 501296 915810 99397 137296 653922 380609 925987 236848 335035 112964 584201 716464 104846 811425 891479 72399 899400 685943 189606 848070 290633 185338 648870 711388 919919 336269 261489 623445 688998 868184 732914 253497 665167 421674 828226 159421 721766 278254 683558 930316 785811 932411 373298 313332 493248 991870 586861 434634 888707 813137 282786 953146 714535 403790]
[922064 630899 770516 408178 794711 184630 970594 4651 635916 57716 562546 979531 196095 807741 20188 191613 96219 737133 369208 456884 956832 167318 700991 375117 930826 411173 480732 789828 774029 571127 577978 967951 925132 702810 145734 527987 993091 637160 526819 208549 579082 694496 247104 888161 192106 158730 985426 471264 73953 203754 34637 958134 394269 178498 241837 508690 801153 698824 553697 968063]
[628047 747466 408321 372604 831898 259433 763798 376197 53472 933609 184561 72610 818388 384697 687700 571366 171861 307996 590578 848080 101743 714148 411824 107742 762821 963222 441346 973483 929576 431412 750584 209152 711335 372926 930281 39573 101854 371133 4420 829221 772985 497844 31919 843788 144194 473622 48962 233964 195341 830690 790865 798152 842399 999624 755287 832389 501187 476649 256596 503157]
[241810 765653 84884 302766 963790 990524 60590 420478 337157 590980 468991 532592 946173 583748 636885 302571 43041 976447 460240 780213 420411 612119 336671 549996 327239 437744 6398 263798 428955 591095 198311 460110 62262 470938 653258 931699 634865 622955 545749 394580 911800 317861 650407 795163 891556 31189 130550 379719 946928 40933 603757 976265 72873 458492 372028 843647 627350 778363 828885 903640]
[297016 828874 97058 487650 753471 257546 610006 75670 150455 712769 453746 429286 214546 649926 98360 660560 967208 488410 769553 632212 31639 902694 247208 609580 142945 70555 710911 909662 944889 931645 728987 311017 692180 819559 801738 146117 859754 273582 83368 19024 169695 673441 115384 978143 776574 842466 639551 869550 160049 473355 39559 213159 587622 906413 222394 432559 510164 384796 703876 429963]
[45315 440763 579304 954960 446693 344788 231005 676359 420561 301615 129274 158842 228893 165937 358598 575795 325990 744284 687444 212981 245100 836476 654652 135792 161886 689477 29535 942551 56333 570458 233617 489321 145072 62257 303531 834878 580823 230199 173853 90654 654824 549945 166055 84836 361625 553443 270015 309932 610426 865446 710690 847395 251069 691850 454317 589191 207622 817605 679586 828339]
[53126 906658 396737 718516 547596 541592 467650 112394 214169 206359 313943 905023 421716 847845 683819 196295 747488 833447 204579 524546 621739 290847 922146 452683 156211 150122 707778 220022 7514 665092 377892 769612 186055 424498 415597 285599 692443 49568 490684 349131 136568 504853 912827 796378 451570 529657 371193 822878 124946 700646 355014 460725 22849 38016 173517 889796 151893 973705 331034 173284]
[965356 362553 91023 830427 43542 998363 250223 349411 684846 859179 593915 230223 373971 653203 447202 286449 332793 685399 73159 735313 778119 539059 517356 509867 105687 360789 759873 926555 630096 894632 283341 676875 37476 801750 463826 587228 449769 271166 169215 70963 862642 690402 783490 773135 84024 707016 904746 66308 455196 756514 893391 446358 329792 73276 835819 940574 886530 961027 960388 909278]
[989988 322020 290607 97960 218351 269789 813025 896143 363523 507085 741095 12158 17919 270517 482699 348055 940101 648425 412726 119697 225430 179092 991833 762818 709449 682228 522323 331394 387803 293068 314463 869742 409544 316036 494943 951476 460069 575677 38405 322654 347672 410090 892017 652131 820332 368710 562271 177506 309356 171810 258419 172610 198898 867154 766271 788119 488994 149237 354323 643833]
[95469 880832 590204 273046 873692 782622 134919 207805 809423 946881 206831 805919 533704 102384 811544 663910 734062 605352 217294 394141 965731 932573 79472 597079 207342 623717 868539 936138 525852 191833 881813 434832 271437 318657 57856 985190 172796 107879 840657 67302 244099 712029 574392 695219 906213 296564 998666 716443 900028 302686 516194 727777 166603 132726 695800 947503 493052 772006 577736 887633]
[830508 964778 957695 511142 893178 51397 439430 295948 764447 36499 220958 961029 759491 451953 173271 691264 249421 468392 910988 31284 57532 940054 713860 20493 534414 449073 675934 376342 102577 391172 132073 116192 489191 859439 432874 797277 757989 173066 448566 634855 998334 456049 495023 543040 905161 122086 941000 751726 642450 669846 26324 73406 192255 158462 726523 350278 137716 9119 526620 508622]
[842108 701910 716959 134218 986975 752354 720164 844116 756497 530477 849704 927926 668336 688758 331439 654600 66570 255158 299671 333011 435995 917803 451779 530535 41456 925647 232136 993734 961801 68033 28273 811246 543805 925097 249739 418754 494731 530008 914356 579115 107804 493805 413123 640645 571966 156446 459636 574492 266244 528367 107389 2424 949051 446216 536924 214622 684937 512224 536145 682641]
]
1
issc
