23
[1  0  1  1  1  1  1  0  0  1  0  1  0  0  1  1  0  1  1  1  0  1]
[0  1  1  0  0  1  0  0  0  0  0  1  0  0  0  0  1  0  1  0  1  1  1]
[1  1  1  1  0  0  1  1  0  0  1  1  0  0  0  0  0  0  0  0  1  1]
[1  0  0  1  1  0  1  1  1  1  0  0  1  0  0  0  0  0  1  0  0  0  1]
[1]
[1  1  0  1  1  0  1  1  1  1  1  0  0  1  0  0  1  0  0  0  1  1  1]
[1  0  0  1  0  0  0  1  0  0  1  0  0  0  1  1  0  0  1  1  0  1  1]
[1]
4194973
4194973
3737744
[1  0  0  0  0  1  0  0  0  0  0  0  0  0  0  0  0  0  0  0  0  0  0  1]
#
