24
[0  0  1  1  1  0  0  0  1  0  0  1  0  1  0  0  1  1  0  0  1]
[1  0  0  1  1  1  0  1  0  0  0  1  0  1  0  0  0  0  1  1  0  0  1  1]
[0  1  0  0  1  0  0  1  0  1  0  1  1  0  1  0  1  1  0  1  1]
[0  0  1  0  0  1  1  0  1  0  1  0  1  1  0  0  0  1  1  0  1  0  0  1]
[1]
[1  1  0  1  1  1  0  1  0  1  1  0  0  1  0  1  0  1  1  0  0  1  0  1]
[0  1  1  1  1  1  1  1  0  1  0  1  0  0  0  0  1  1  1  0  0  1  1  1]
[1]
8389001
8389001
1663750
[1  0  0  1  0  1  0  1  0  1  1  0  0  1  1  1  1  0  0  0  0  0  0  0  1]
#
