25
[1  1  0  1  1  0  1  1  1  1  0  0  1  1  0  1  0  1  0  1  1  0  1  0  1]
[1  0  1  1  0  0  1  0  1  0  0  0  0  0  1  1  0  1  1  1  0  1  1  0  1]
[1  1  1  0  1  0  1  1  1  0  1  1  0  1  1  0  0  1  0  1  0  0  0  0  1]
[0  1  0  0  1  0  1  0  0  0  0  1  0  0  0  0  1  1  1  1  1]
[1]
[0  0  0  0  1  0  1  0  0  1  0  1  0  0  0  1  1  1  0  0  0  1  1  0  1]
[0  1  0  0  1  1  0  1  0  1  1  1  0  1  1  0  0  1  1  0  0  0  1  0  1]
[1]
16779479
16779479
12370826
[1  0  1  0  0  0  1  0  1  0  0  0  0  0  0  0  0  0  0  0  0  0  0  0  0  1]
#
