26
[0  0  0  1  1  1  0  1  1  0  0  1  0  1  1  1  0  0  0  0  1  1  0  1  0  1]
[1  0  0  0  1  0  1  0  1  0  0  1  0  0  0  1  1  0  0  1  1  1  0  0  0  1]
[1  0  0  1  0  0  0  1  0  0  0  0  0  0  1  0  1  1  0  0  1  1  0  0  0  1]
[0  0  1  0  1  0  0  1  1  0  0  1  0  1  1  0  1  0  0  0  1  0  0  0  0  1]
[1]
[1  1  1  1  1  0  1  0  0  0  0  0  0  0  1  1  0  1  1  0  1  1  0  0  0  1]
[1  1  0  1  0  0  1  1  1  0  1  1  0  0  0  0  0  1  1  1  1  1  1  1  0  1]
[1]
33556529
33556529
6216197
[1  1  0  0  1  0  1  1  1  0  1  0  0  0  1  0  0  0  0  0  0  0  0  0  0  0  1]
#
