27
[1  1  0  1  0  0  0  1  0  0  1  0  0  1  0  0  0  1  0  0  1  1  1  0  0  1]
[0  0  1  0  0  0  1  1  1  1  1  0  1  0  0  0  1  0  0  0  0  1  0  0  1  0  1]
[0  1  1  1  0  0  0  1  0  0  0  0  1  1  1  0  1  1  0  1  1  0  1  1  1]
[0  1  1  1  0  1  0  0  1  0  0  0  1  0  1  1  0  1  1  0  1  1]
[1]
[0  0  1  0  0  0  1  1  0  0  1  1  0  0  0  1  0  1  0  0  0  0  0  0  1  1]
[1  0  1  1  1  1  1  0  1  0  0  0  1  0  0  0  1  1  0  0  1  1  1]
[1]
67115381
67115381
15981939
[1  0  1  1  0  1  0  1  0  1  1  0  1  0  0  0  0  0  0  0  0  0  0  0  0  0  0  1]
#
