28
[1  0  1  1  1  0  0  1  0  1  1  1  1  1  1  0  0  1  0  1  0  0  1  1  1  1  0  1]
[1  0  1  0  1  1  1  0  1  1  0  1  1  0  1  1  0  0  1  0  0  1  1  0  1  0  0  1]
[0  0  0  1  0  1  1  0  1  0  1  1  0  1  0  1  0  0  0  1  1  0  0  0  1]
[1  1  1  0  0  1  1  1  0  1  1  0  1  0  1  0  1  0  0  0  0  1  0  1  0  0  0  1]
[1]
[0  1  0  1  0  0  0  1  1  1  0  0  1  1  0  1  1  0  0  0  0  0  0  0  1  0  0  1]
[0  0  1  1  1  0  0  1  0  0  1  0  0  1  1  1  0  0  1  1  1  0  0  1  1  1  0  1]
[1]
134227781
134227781
70251144
[1  0  1  0  0  1  1  1  0  0  0  0  0  1  0  0  0  0  0  0  0  0  0  0  0  0  0  0  1]
#
