29
[1  1  0  0  0  1  0  0  0  1  0  0  1  0  0  1  0  0  1  0  1  1  1  1  1  1  1]
[1  0  1  1  0  1  0  1  1  0  1  0  1  0  0  0  1  0  0  0  0  1  0  1  0  1  1]
[1  1  1  0  0  0  0  1  0  0  0  1  0  1  1  1  1  1  1  0  1  1  1  0  1  0  0  0  1]
[1  0  1  1  1  0  1  0  0  1  0  0  0  0  0  1  0  0  1  1  0  1  1  0  1  1  1  0  1]
[1]
[0  1  1  0  1  0  1  0  1  0  1  0  1  0  1  1  1  0  1  1  0  0  1  1  1  0  0  1]
[0  1  1  1  0  0  0  1  0  0  1  0  1  0  0  0  0  1  1  0  1  1  1  0  0  0  0  1]
[1]
268437223
268437223
163181051
[1  0  1  0  0  0  0  0  0  0  0  0  0  0  0  0  0  0  0  0  0  0  0  0  0  0  0  0  0  1]
#
