30
[0  0  0  0  1  1  1  0  1  0  1  0  0  1  0  1  0  0  1  1  0  0  1  0  1  0  0  1  1  1]
[1  1  1  1  0  1  0  1  1  1  0  1  1  1  0  1  0  0  0  1  1  0  0  0  1  1  1  1]
[1  0  0  1  0  0  0  0  1  1  1  0  1  0  1  1  0  1  0  0  0  1  0  0  1  0  0  0  1]
[1  1  0  1  0  1  0  1  0  1  0  0  1  0  1  0  1  0  0  0  0  0  0  0  1  1  0  1  0  1]
[1]
[1  0  1  0  1  0  0  0  0  1  1  1  0  1  1  1  1  1  1  1  0  0  1  0  1  1  0  1  1  1]
[1  1  0  1  1  1  0  0  1  1  1  0  0  0  1  0  0  1  1  1  1  1  0  1  0  0  1]
[1]
536877773
536877773
120492302
[1  1  1  1  0  1  0  1  0  0  0  1  0  1  0  0  1  1  0  0  0  0  0  0  0  0  0  0  0  0  1]
#
