32
[0  0  1  1  1  0  1  1  1  0  0  0  1  1  1  1  1  1  1  0  1  0  0  0  1  1  0  0  1  1  0  1]
[0  0  1  0  1  1  1  0  1  1  1  0  1  1  0  1  1  1  1  0  0  1  0  0  1  1  1  0  0  1]
[0  0  1  0  0  1  0  1  1  0  0  1  1  1  0  0  1  0  1  1  0  0  1  1  1  0  1  1  0  0  0  1]
[0  1  1  1  0  0  0  0  0  0  1  1  0  0  0  1  0  1  1  0  1  0  1  0  0  0  0  1  0  0  0  1]
[1]
[1  0  0  1  0  1  1  1  0  1  0  0  0  0  1  0  1  0  1  0  0  1  1  1  0  1  1  1  0  1  1  1]
[0  0  1  1  0  0  1  0  1  1  1  1  1  1  0  1  1  0  1  0  1  1  0  0  0  0  0  0  1  1]
[1]
2147485499
2147485499
533250277
[1  0  0  1  1  0  0  1  0  1  0  0  0  0  0  1  0  0  0  0  0  0  0  0  0  0  0  0  0  0  0  0  1]
#
