33
[1  1  0  1  0  1  0  0  1  0  1  0  0  0  1  0  1  0  0  1  0  0  0  1  1  1  0  0  1  0  1]
[0  0  1  1  1  1  1  1  0  0  0  0  0  0  0  0  0  1  1  0  0  1  1  1  0  0  1  1  0  0  1  0  1]
[1  0  1  0  0  1  1  0  0  1  1  1  0  1  0  1  0  1  1  0  1  1  1  1  1  0  0  0  1  0  1  1]
[0  1  0  0  1  0  0  1  0  1  0  0  0  1  1  1  1  0  0  0  1  1  0  0  1  0  0  1  0  1  1  1]
[1]
[1  1  1  1  1  0  0  0  1  1  1  1  0  0  1  0  0  1  0  0  0  0  1  0  1  1  0  1  1  1  1]
[0  0  0  1  1  1  0  0  0  0  0  1  0  1  1  1  1  0  1  1  1  0  0  0  1  0  0  1  0  1  0  1]
[1]
4294988563
4294988563
2936775680
[1  0  0  1  0  0  1  0  1  0  1  1  1  1  0  0  0  0  0  0  0  0  0  0  0  0  0  0  0  0  0  0  0  1]
#
