34
[1  0  1  1  1  1  0  0  1  0  0  0  0  0  1  0  1  1  1  1  0  1  0  0  0  0  1  0  1  1  1  0  0  1]
[0  1  0  0  0  0  1  0  1  1  1  0  1  1  0  1  1  0  0  1  0  0  1  0  0  1  0  1  1  0  1  1  1]
[1  0  1  0  0  0  0  1  0  1  0  1  1  1  1  1  0  1  0  1  1  0  1  1  0  1  0  1  0  1  0  1  1  1]
[1  0  1  1  0  1  0  0  0  1  1  0  0  1  0  0  0  0  0  0  0  1  0  0  1  1  1  0  1  0  0  0  0  1]
[1]
[1  0  0  0  0  1  0  0  0  0  1  0  0  0  1  0  0  1  0  1  1  1  0  1  1  0  0  0  1  1  1  1  1]
[1  1  1  1  1  0  0  1  0  1  1  1  1  1  1  0  1  1  0  0  0  1  0  0  1  0  0  1  0  0  0  0  0  1]
[1]
8590045033
8590045033
1455160702
[1  1  1  0  1  1  1  1  1  0  0  1  1  0  0  1  1  0  0  0  0  0  0  0  0  0  0  0  0  0  0  0  0  0  1]
#
