35
[1  0  0  1  1  1  1  0  1  0  1  0  1  1  0  1  1  0  1  0  0  1  0  1  0  0  1  0  1  1  1  0  0  0  1]
[0  0  0  1  1  0  0  0  1  0  1  0  1  1  0  0  1  0  1  0  1  0  1  1  1  1  1  1  1  0  1  1]
[1  1  1  1  1  0  0  1  0  1  1  0  1  1  1  0  1  1  1  1  1  1  1  1  1  1  0  1  0  0  1  1  0  1]
[0  0  1  1  0  1  1  0  0  1  0  0  0  0  1  0  1  0  0  0  1  0  1  0  1  1  1  1  1  0  0  0  0  1]
[1]
[1  0  1  0  1  0  1  0  1  0  1  1  0  0  1  1  1  1  0  0  0  0  0  0  0  0  1  0  0  0  1  0  1]
[1  0  0  1  1  0  1  1  0  1  0  0  0  0  1  0  0  1  1  1  0  1  0  0  0  1  0  1  0  1  1]
[1]
17180039003
17180039003
8006962351
[1  0  1  0  0  1  0  1  0  0  1  1  0  0  0  0  0  0  0  0  0  0  0  0  0  0  0  0  0  0  0  0  0  0  0  1]
#
