36
[0  0  1  0  0  1  0  1  1  1  1  0  0  1  0  1  0  1  1  1  0  1  1  1  0  0  0  0  0  0  0  0  0  0  1]
[0  1  0  0  0  1  1  0  0  0  0  0  1  1  1  1  0  1  0  1  1  0  1  0  0  1  0  1  0  1  0  0  0  0  0  1]
[1  0  1  0  1  0  0  1  1  1  0  1  0  1  1  1  0  1  1  0  1  1  0  1  0  0  0  1  1  1  1  0  0  0  1  1]
[0  1  0  1  1  1  0  0  0  1  0  1  1  0  0  0  0  0  0  0  0  0  1  0  1  0  1  0  1  0  0  0  0  1  1  1]
[1]
[1  1  0  0  0  0  1  0  1  0  1  1  1  0  0  0  1  0  0  1  1  0  0  0  0  0  1  0  1  1  0  0  0  1  1  1]
[0  0  1  0  1  1  0  1  0  0  1  0  1  0  1  1  0  1  0  0  0  1  1  0  0  1  1  0  1  0  0  0  0  0  0  1]
[1]
34359779621
34359779621
6684510255
[1  1  0  0  0  1  1  0  1  0  0  0  0  1  1  0  0  1  0  1  1  0  1  1  0  0  0  0  0  0  0  0  0  0  0  0  1]
#
