37
[0  0  0  0  0  0  0  1  1  1  1  1  0  1  1  1  1  0  1  0  0  0  1  0  0  0  1  0  1  0  1  1  1  0  1  1  1]
[0  0  0  1  1  1  1  0  1  0  0  0  0  1  1  1  0  1  0  1  1  0  0  0  1  0  1  1  0  1  0  0  0  1  0  0  1]
[0  0  0  1  0  1  0  1  0  1  0  0  1  0  0  1  0  1  1  0  0  0  1  0  0  1  0  0  1  1  1  0  0  0  0  1]
[0  0  0  1  1  0  1  1  0  0  0  1  1  0  0  0  0  1  0  1  1  0  1  0  1  1  1  1  0  0  1]
[1]
[1  1  1  1  1  1  1  1  0  1  0  1  0  1  0  1  0  0  1  1  1  1  1  0  1  0  1  1  1  0  0  1  0  1  1  1  1]
[0  0  0  0  0  1  1  1  1  0  1  1  1  0  0  1  0  1  0  0  0  0  1  0  1  1  1  0  1  0  0  1  0  0  1  1]
[1]
68719598063
68719598063
32377938735
[1  1  1  1  1  1  0  0  0  0  0  0  0  0  0  0  0  0  0  0  0  0  0  0  0  0  0  0  0  0  0  0  0  0  0  0  0  1]
#
