38
[1  0  1  0  1  0  1  0  1  1  1  0  0  1  0  1  0  0  1  1  0  1  0  1  0  0  1  1  1  1  0  0  0  1  0  1  0  1]
[1  0  0  1  0  1  1  0  0  1  0  0  1  0  0  0  0  0  0  1  0  0  1  0  0  1  1  0  0  1  0  0  0  1  0  1]
[0  0  0  0  1  0  0  1  0  0  0  0  1  0  0  1  0  1  1  0  1  1  0  0  0  0  0  1  0  1  0  0  1  1  1  0  1  1]
[0  1  1  1  1  1  1  1  0  0  1  0  0  1  1  1  1  0  1  0  0  1  0  0  1  0  0  0  1  1  0  1  0  1  1  1  1  1]
[1]
[1  0  0  0  1  0  1  1  1  0  1  1  1  0  0  0  0  0  0  0  1  1  1  1  1  1  1  1  1  0  0  1  0  1  0  0  1]
[1  1  0  0  1  1  1  1  0  1  1  1  1  1  0  1  1  0  0  1  1  0  0  0  0  0  1  0  0  1  1  0  0  0  0  1  1  1]
[1]
137439296801
137439296801
16764259582
[1  1  1  0  0  1  0  0  1  1  1  0  0  0  1  0  0  0  0  0  0  0  0  0  0  0  0  0  0  0  0  0  0  0  0  0  0  0  1]
#
