39
[1  1  0  0  0  0  0  0  1  0  1  0  1  0  1  0  0  0  1  0  1  1  0  0  1  0  0  1  0  1  1  0  0  0  0  1  1]
[1  0  0  1  0  1  0  1  0  0  1  1  0  1  0  1  1  0  1  0  0  1  1  0  1  1  1  1  1  1  1  1  1  0  1  0  0  1  1]
[0  0  1  0  1  1  1  0  1  1  0  1  0  0  0  0  1  1  1  1  1  0  0  1  0  1  0  0  0  1  0  0  0  1  1  0  1  1]
[0  0  1  1  1  1  0  0  0  0  0  1  1  0  0  1  0  1  1  1  0  1  0  0  0  1  1  1  0  0  0  0  0  0  1  0  1  1  1]
[1]
[1  1  1  1  0  1  0  0  0  1  0  1  1  0  0  1  0  1  0  1  1  0  0  1  1  0  1  0  1  0  1  1  0  1  1  1  1  1]
[1  0  0  1  1  0  0  1  1  0  1  1  1  1  0  0  1  0  0  0  0  1  1  1  1  0  1  0  0  1  1  1  1  0  1  0  1  0  1]
[1]
274878274217
274878274217
110724212103
[1  0  1  0  0  1  1  1  0  1  1  1  1  0  0  1  0  0  0  0  0  0  0  0  0  0  0  0  0  0  0  0  0  0  0  0  0  0  0  1]
#
