40
[0  1  1  0  1  0  1  0  1  1  0  0  0  0  0  0  0  1  0  0  1  1  1  0  1  1  1  0  0  0  0  1  0  1  0  0  0  0  1]
[1  0  1  0  1  0  1  1  0  0  0  1  0  1  0  1  0  1  0  1  1  1  0  1  1  1  0  0  0  0  1  0  1  0  0  1  1  0  1]
[0  0  1  0  0  1  1  1  0  1  1  1  1  0  0  0  1  0  1  1  0  1  1  0  0  1  0  1  0  1  0  1  1  0  0  1  1  0  1]
[0  1  1  1  1  0  0  0  1  1  0  1  0  0  1  1  0  0  0  0  0  1  1  1  1  0  0  0  0  1  0  1  0  0  0  0  0  0  1  1]
[1]
[0  0  0  0  1  1  1  0  0  1  0  1  1  0  1  0  1  1  0  0  0  1  1  1  0  1  0  1  1  0  1  1  0  1  0  0  1  0  0  1]
[0  0  0  0  0  1  1  0  1  1  1  1  0  1  0  1  1  1  0  1  0  0  1  1  1  0  1  1  0  1  1  0  0  1  1  1  0  1  0  1]
[1]
549756642971
549756642971
381030580014
[1  1  0  1  0  1  0  0  1  0  0  0  1  1  0  1  1  0  1  0  0  1  0  1  0  0  0  0  0  0  0  0  0  0  0  0  0  0  0  0  1]
#
