41
[1  0  0  1  0  1  1  0  0  1  1  0  1  0  1  1  1  1  1  1  0  0  1  1  0  0  0  1  0  0  1  1  0  0  0  0  0  1  0  1  1]
[0  0  1  1  1  0  0  0  1  0  1  0  0  0  0  0  1  1  1  1  1  0  0  0  0  1  1  1  1  1  1  0  1  1  1  1  1  1  0  0  1]
[1  1  1  0  0  1  1  1  0  1  1  1  0  0  1  1  1  1  1  1  1  1  0  1  0  1  1  0  1  0  0  0  0  1  0  1  0  1  1  1  1]
[0  0  0  0  1  1  0  1  1  1  0  0  0  1  0  1  1  1  1  0  0  0  0  1  0  0  1  0  0  1  0  0  1  0  1  0  1  0  1  1]
[1]
[1  1  0  0  0  1  0  1  0  1  0  1  1  0  1  1  0  1  0  1  1  1  1  0  0  0  1  0  0  1  0  0  0  0  1  0  1  0  0  0  1]
[1  1  0  0  1  1  1  0  0  0  1  0  0  1  0  1  1  1  0  1  0  1  0  0  1  1  0  0  0  1  1  1  1  0  0  1  1  1  0  1]
[1]
1099511984569
1099511984569
1040799408146
[1  0  0  1  0  0  0  0  0  0  0  0  0  0  0  0  0  0  0  0  0  0  0  0  0  0  0  0  0  0  0  0  0  0  0  0  0  0  0  0  0  1]
#
