42
[1  1  1  1  0  0  0  1  1  0  0  0  0  0  1  0  1  0  0  0  1  1  0  1  1  1  0  1  0  1  1  0  0  1  0  1  0  0  0  1]
[0  0  0  1  1  1  0  1  0  0  1  0  0  1  0  0  1  1  0  1  1  0  1  1  1  1  0  1  1  0  0  1  1  1  0  1  0  1  0  0  1  1]
[0  1  1  0  0  1  0  1  1  0  1  1  0  0  1  1  1  1  1  0  0  0  0  0  0  1  0  0  0  1  0  0  0  1  1  1  0  1  1  1  0  1]
[0  0  0  0  0  1  1  0  1  0  0  1  0  0  1  1  0  0  1  0  1  0  0  0  1  1  0  1  1  0  1  1  1  1  1]
[1]
[0  0  0  0  1  1  0  1  1  1  1  1  0  0  1  0  1  1  1  0  0  0  0  1  1  1  0  1  0  1  0  1  1  0  0  1  1  1  1  0  1]
[0  0  0  1  0  1  0  1  0  0  0  0  1  0  1  0  0  0  0  1  0  0  0  0  1  1  0  0  1  0  0  0  0  0  0  0  1  1  1  0  1  1]
[1]
2199024700991
2199024700991
1528650526182
[1  1  1  0  0  1  1  0  0  1  0  1  1  0  0  0  0  0  1  0  1  0  0  0  1  1  1  0  0  0  1  0  0  0  0  0  0  0  0  0  0  0  1]
#
