43
[0  1  1  1  1  1  1  0  1  1  0  0  1  1  0  0  1  0  0  1  0  0  1  1  0  0  1  1  1  1  0  0  0  0  1  0  0  1  0  0  0  1  1]
[0  1  1  1  1  0  1  0  0  1  1  1  1  0  0  1  0  1  0  1  0  1  1  0  1  1  1  1  0  0  0  1  0  0  0  1  1  0  1  1  1  1]
[0  1  0  0  1  0  1  0  0  1  1  0  1  0  0  0  1  0  0  0  1  1  1  1  0  0  1  1  1  1  1  0  1  0  0  0  1  1  0  0  1  1  1]
[1  1  0  1  1  1  1  0  1  1  1  1  0  0  0  1  1  1  1  0  1  0  1  1  0  0  0  1  1  0  0  0  1  1  0  1  0  0  0  0  1  1  1]
[1]
[0  0  1  1  1  1  0  0  0  0  1  1  1  1  0  0  0  0  1  1  0  0  0  0  0  0  1  1  1  0  0  0  0  1  0  0  1  1  0  0  1  1  1]
[0  1  1  0  0  1  0  0  0  0  1  1  0  1  1  0  1  1  1  0  1  1  0  0  0  0  1  0  1  1  0  0  1  0  1  1  1  1  0  1  1]
[1]
4398046814639
4398046814639
2318135118898
[1  0  0  1  1  0  1  0  0  0  0  0  0  0  0  0  0  0  0  0  0  0  0  0  0  0  0  0  0  0  0  0  0  0  0  0  0  0  0  0  0  0  0  1]
#
