44
[0  0  0  0  0  0  0  1  1  1  0  1  1  1  1  0  0  1  0  1  1  1  0  1  1  1  1  0  1  0  0  1  1  0  1  0  1  1  0  1  0  1  0  1]
[0  0  1  1  0  1  1  0  0  1  0  1  0  1  1  1  0  1  0  0  1  0  1  0  0  1  0  0  0  1  1  1  0  1  1  1  0  1  0  1  1]
[0  0  1  0  0  1  1  1  0  1  1  0  0  1  1  1  1  1  0  1  1  0  0  0  0  1  1  1  0  0  0  1  1  1  0  0  1  1  0  1  0  1  1]
[1  0  1  0  0  0  0  0  1  0  0  1  0  0  1  0  1  0  0  1  1  1  1  1  0  1  0  1  1  1  1  0  1  1  0  1  0  1  1  1  1  0  0  1]
[1]
[1  0  0  0  0  0  1  0  1  1  1  0  0  0  1  0  1  1  0  0  1  0  0  1  1  1  0  0  1  0  1  1  1  1  1  0  0  1  1  0  0  0  1]
[0  0  0  1  1  0  0  0  1  1  0  1  0  0  1  0  0  0  1  1  1  0  1  0  0  1  0  1  1  1  1  1  1  1  1  0  1  0  0  1  0  1]
[1]
8796095231747
8796095231747
2665132700544
[1  1  0  1  1  0  0  0  0  0  0  0  0  0  0  0  1  1  0  1  0  0  0  0  1  0  0  0  0  0  0  0  0  0  0  0  0  0  0  0  0  0  0  0  1]
#
