45
[1  1  0  0  1  0  0  0  1  1  0  0  1  1  0  0  1  1  0  1  0  0  1  1  1  0  1  0  1  1  1  1  1  1  0  1  0  0  0  0  0  0  0  1  1]
[0  1  1  1  1  0  1  0  1  0  0  0  1  1  1  1  1  1  0  1  1  0  0  0  0  0  1  0  1  0  1  1  1  0  1  1  0  0  0  0  0  0  1  1]
[0  0  0  1  0  1  1  0  1  1  0  0  1  1  1  1  1  0  0  0  1  0  1  0  1  0  1  0  0  0  1  0  1  0  0  0  1  1  0  1  1  1  0  1  1]
[0  1  0  0  0  1  0  0  1  0  0  1  1  0  0  0  0  1  1  0  1  0  0  1  1  1  1  0  0  1  1  0  0  1  1  1  0  1  1  1  1  1  0  1  1]
[1]
[0  0  1  0  0  0  1  1  0  0  1  0  1  0  1  0  0  0  0  1  1  0  1  0  1  1  0  1  0  0  1  0  0  0  1  0  1  1  1  0  1]
[0  0  0  0  0  0  1  1  0  0  1  1  0  0  0  1  1  1  1  0  1  1  0  1  0  1  0  0  0  1  1  0  0  0  0  1  1  0  0  1  1  1  0  1]
[1]
17592186207907
17592186207907
8785790532361
[1  0  0  0  0  0  1  0  0  0  0  1  1  0  1  1  0  1  0  0  1  0  0  0  0  0  0  0  0  0  0  0  0  0  0  0  0  0  0  0  0  0  0  0  0  1]
#
