46
[0  1  1  0  1  1  0  0  1  0  0  1  0  1  1  0  0  1  1  1  0  0  0  0  0  0  1  0  1  1  0  1  0  0  0  1  1  1  0  0  0  1  1  0  1  1]
[1  1  1  1  0  1  0  0  0  1  0  1  1  1  0  0  0  0  0  1  1  0  1  1  1  0  1  0  1  0  0  1  1  1  1  1  1  0  1  1  1  0  1  0  1  1]
[0  1  1  1  0  0  1  1  1  0  0  1  1  1  0  0  1  1  1  1  1  0  1  1  1  1  0  1  1  1  1  1  0  1  1  1  0  1  0  1  0  1  0  0  1]
[0  0  0  0  1  0  1  1  1  1  1  1  1  1  0  0  1  1  0  0  1  1  1  0  0  0  0  1  1  1  1  1  0  0  0  1  1  1  0  1  0  1  1]
[1]
[0  0  0  0  0  0  0  0  0  1  0  1  1  1  0  0  0  1  1  0  0  0  0  1  0  1  1  1  1  1  0  1  1  1  0  1  1  0  0  1  0  0  1  0  1  1]
[1  0  1  1  1  1  1  0  1  0  0  1  1  1  1  1  1  1  0  0  0  0  1  1  1  0  0  0  0  0  0  1  1  0  1  0  0  1  1  0  1  0  0  0  1]
[1]
35184373307179
35184373307179
32645276986158
[1  0  0  0  0  0  0  0  0  0  0  0  0  0  1  0  0  1  0  0  1  1  0  1  0  0  0  0  0  0  0  0  0  0  0  0  0  0  0  0  0  0  0  0  0  0  1]
#
