47
[1  0  1  0  1  0  1  0  1  0  0  1  1  0  1  0  0  1  1  0  0  1  0  0  0  0  0  0  0  1  0  1  0  1  1  1  0  0  1  0  0  1  1  1  1  0  1]
[1  0  1  0  1  0  0  0  1  1  0  0  1  1  0  1  1  1  0  0  1  1  0  1  1  1  1  1  1  0  1  1  1  1  0  1  0  1  0  0  0  0  0  0  1  1]
[1  1  0  0  0  1  0  0  0  0  0  0  1  0  0  0  1  0  1  1  1  1  1  1  0  1  0  0  1  1  0  0  1  0  0  0  1  1  1  1  0  0  0  0  0  0  1]
[1  0  0  1  0  1  0  0  0  0  0  1  1  0  0  0  0  1  0  0  0  1  0  0  1  1  1  1  0  0  0  1  1  0  1  0  0  0  0  1  0  0  0  1  0  0  1]
[1]
[1  1  1  1  0  1  0  1  0  1  0  0  1  0  0  0  1  1  0  0  1  0  1  1  1  0  1  1  0  0  0  0  1  0  1  1  1  0  1  0  1  0  1  1]
[1  0  0  1  1  0  0  0  1  1  0  0  1  0  1  0  1  0  1  0  0  1  0  1  1  1  1  0  1  0  0  1  1  1  1  0  0  0  1  0  1  0  0  1  0  1  1]
[1]
70368746896391
70368746896391
19109669181077
[1  0  0  0  0  1  0  0  0  0  0  0  0  0  0  0  0  0  0  0  0  0  0  0  0  0  0  0  0  0  0  0  0  0  0  0  0  0  0  0  0  0  0  0  0  0  0  1]
#
