48
[0  1  1  0  0  0  1  1  1  1  0  1  1  0  0  1  0  0  1  0  1  1  0  0  0  1  1  1  1  1  0  1  1  0  1  0  0  0  1  1  1  0  0  1  1  0  1  1]
[1  1  1  0  0  1  1  0  1  1  0  1  1  0  0  0  0  0  0  0  1  0  1  0  1  1  0  0  0  1  0  0  0  1  0  0  1  0  0  0  0  1  0  0  0  1]
[1  0  1  0  1  1  0  1  0  1  0  1  0  1  0  1  0  1  0  0  1  1  0  1  0  0  1  1  0  0  1  1  1  0  1  1  1  1  1  1  0  0  0  1]
[0  0  1  0  1  0  1  0  1  0  0  1  0  1  1  0  0  1  1  1  1  1  1  1  0  1  0  1  0  1  0  0  1  1  1  1  0  1  1  0  0  0  0  1  0  1  1  1]
[1]
[0  1  0  0  1  1  1  1  0  1  1  0  1  1  0  1  1  1  1  1  1  1  0  0  1  1  0  0  1  0  1  1  0  0  0  0  0  1  0  1  0  1  0  1  1  1]
[1  0  1  1  0  1  1  0  1  1  0  1  1  1  1  1  1  1  1  0  0  0  0  1  0  1  1  1  1  1  1  0  1  0  0  0  0  1  0  1  0  0  0  1  1  0  1]
[1]
140737492294591
140737492294591
74628736398978
[1  0  0  1  0  0  0  1  1  0  1  1  1  0  0  0  0  1  0  0  0  0  0  1  0  1  0  0  0  0  0  0  0  0  0  0  0  0  0  0  0  0  0  0  0  0  0  0  1]
#
