49
[1  1  1  1  1  1  0  1  0  1  1  0  0  1  0  0  1  1  1  1  0  1  0  0  1  1  1  0  0  0  1  0  0  0  1  1  1  0  1  1  0  0  0  1  0  0  1]
[1  1  0  1  0  1  0  1  0  0  1  1  1  1  0  0  0  0  0  1  0  1  1  1  1  0  1  1  0  0  0  1  0  1  1  0  1  1  1  0  1  0  0  0  1  1  1  1  1]
[0  0  1  0  0  1  0  1  0  0  1  0  1  0  0  0  0  0  1  0  1  1  0  0  1  0  0  0  1  0  0  1  0  0  1  1  1  0  0  1  1  1  0  0  1  1  1  0  1]
[0  0  1  1  1  1  0  0  0  0  0  1  0  1  0  0  0  0  0  1  1  0  0  0  0  1  0  1  1  1  0  0  0  1  0  1  1  1  0  1  0  0  1  1  1  1]
[1]
[1  1  1  1  1  1  1  1  1  1  1  1  1  0  1  0  1  0  1  0  0  0  0  1  0  0  0  0  1  0  1  0  1  1  0  0  1  1  1  1  0  1  1  1  1  1]
[1  1  0  1  1  1  1  1  0  1  0  1  0  1  0  0  1  1  0  1  0  0  0  0  1  0  0  0  1  1  0  0  0  0  0  1  0  0  0  0  0  0  1  0  1  1  0  1]
[1]
281474996646047
281474996646047
276469530099676
[1  1  1  1  1  0  1  0  1  0  1  0  0  0  0  0  0  0  0  0  0  0  0  0  0  0  0  0  0  0  0  0  0  0  0  0  0  0  0  0  0  0  0  0  0  0  0  0  0  1]
#
