51
[0  1  0  0  1  1  0  0  1  0  0  1  0  1  1  1  1  1  1  1  1  1  0  1  0  0  1  0  1  0  0  1  1  1  1  0  1  0  0  1  0  1  1  0  1  0  0  0  1  1]
[0  0  0  0  0  1  0  1  0  0  0  0  1  0  0  0  0  1  1  0  0  0  1  1  1  0  0  0  1  1  0  0  0  0  1  1  1  0  0  0  0  0  1  0  0  1  1  1  1  1]
[1  1  0  0  1  1  1  1  0  0  1  0  1  1  0  1  0  1  0  0  1  0  0  1  0  0  1  0  0  1  0  1  1  0  0  0  0  0  1  0  1  1  0  0  1  0  1  0  1  0  1]
[1  0  0  1  1  1  0  0  0  1  0  0  1  0  0  1  1  0  0  1  1  1  0  1  1  1  0  0  0  0  1  1  0  0  0  1  1  1  0  1  0  1  0  1  1  1  0  1  1]
[1]
[0  1  0  0  1  1  0  1  1  1  1  1  1  0  1  1  1  0  1  0  1  1  1  0  0  0  0  0  1  1  0  1  1  0  1  1  0  0  0  1  0  1  0  0  0  1  0  1]
[1  0  1  0  1  0  1  0  1  1  0  0  0  1  0  1  0  0  0  0  1  0  0  0  0  1  0  0  0  1  1  0  1  0  1  1  1  1  1  1  1  0  0  0  0  0  1  1  0  1]
[1]
1125899938055149
1125899938055149
187865672710748
[1  0  0  0  0  0  1  0  0  1  0  0  1  0  0  1  1  0  0  0  0  0  0  0  0  0  0  0  0  0  0  0  0  0  0  0  0  0  0  0  0  0  0  0  0  0  0  0  0  0  0  1]
#
