52
[1  1  1  1  0  0  1  1  0  1  0  0  1  0  1  1  1  0  0  0  1  0  0  0  1  0  1  1  1  1  1  1  1  1  0  1  0  1  1  1  1  1  0  0  1  1  0  1  0  1  1  1]
[1  0  1  0  1  0  0  1  1  1  0  0  1  1  0  1  0  0  1  1  1  0  1  0  1  0  0  1  0  0  1  0  0  1  0  1  0  0  0  0  0  1  0  0  0  1  1  0  0  1  1  1]
[0  1  0  1  0  0  1  1  1  1  1  1  0  0  1  1  1  0  0  0  0  0  0  0  0  1  0  1  0  1  0  0  0  0  0  1  1  1  0  1  0  1  1  1  0  0  1  1  0  0  1  1]
[1  0  0  1  1  0  0  1  1  1  0  0  1  0  0  1  1  0  1  0  0  0  0  1  0  1  1  1  1  0  0  1  0  0  1  0  1  1  1  0  1  0  0  0  1  1  1  0  0  1  1]
[1]
[0  1  1  1  1  1  1  1  1  0  1  0  0  0  1  0  1  0  1  1  1  0  0  0  0  1  0  0  1  1  0  0  1  1  0  1  1  0  1  1  1  0  0  0  0  1  0  1  0  1]
[0  0  1  0  1  1  0  1  1  1  1  0  1  0  1  0  0  0  1  0  0  0  0  0  1  1  0  1  1  0  0  0  1  1  1  1  1  0  0  1  0  0  0  0  1  1  1  0  1]
[1]
2251799823904361
2251799823904361
97347885474667
[1  1  0  0  1  0  0  1  0  0  1  0  0  0  1  1  0  1  0  0  0  1  0  1  0  1  1  1  1  0  0  0  0  0  0  0  0  0  0  0  0  0  0  0  0  0  0  0  0  0  0  0  1]
#
