53
[1  0  1  1  0  1  1  1  0  1  1  1  0  1  0  0  1  1  1  1  0  1  1  0  0  0  1  0  0  0  1  0  0  1  0  1  0  1  0  0  1  0  1  1  1  1  0  1  0  0  1  1]
[1  1  1  1  1  0  0  1  0  0  0  0  1  0  1  1  0  0  0  0  0  1  0  0  1  1  1  0  0  0  1  0  1  0  1  0  1  0  0  0  1  1  1  1  1  1  1  0  1  0  1  1  1]
[1  0  0  0  0  0  1  0  1  0  0  1  1  1  1  0  0  1  1  1  1  1  0  1  0  0  0  0  1  1  0  1  1  1  1  1  0  0  0  0  1  0  1  0  1  1  1  0  1  1]
[1  1  1  1  1  0  1  1  1  1  0  1  0  0  1  1  0  0  0  1  1  0  1  1  1  1  1  1  0  1  1  0  0  0  1  1  1  0  1  1  0  0  1  0  0  1  0  0  1  1  1  0  1]
[1]
[1  0  0  1  0  0  1  1  0  1  0  1  1  0  1  1  1  0  1  1  0  0  0  1  0  1  0  1  1  0  0  0  0  0  0  0  0  0  0  0  0  0  1  0  0  1  0  1  1  1  0  1]
[0  1  0  1  0  0  0  0  1  1  1  1  0  1  0  0  0  0  0  1  1  1  0  1  1  0  1  1  1  1  0  1  1  1  0  0  1  1  1  0  1  1  1  1  0  0  0  1  0  1  0  0  1]
[1]
4503599642856893
4503599642856893
816054985290342
[1  1  1  0  0  0  1  0  0  0  0  0  0  0  0  0  0  0  0  0  0  0  0  0  0  0  0  0  0  0  0  0  0  0  0  0  0  0  0  0  0  0  0  0  0  0  0  0  0  0  0  0  0  1]
#
