54
[0  1  1  0  0  0  1  0  0  1  0  1  0  1  0  0  1  0  0  1  0  1  1  1  0  0  0  1  0  0  1  1  1  0  1  0  1  0  0  1  1  1  1  0  1  1  0  0  1  0  1  1  1]
[0  0  0  0  0  1  0  1  1  0  1  1  0  1  0  0  0  0  0  1  1  1  0  0  1  1  1  1  0  1  0  1  1  1  0  1  0  1  0  0  0  1  1  1  0  0  1  0  1  1  0  0  0  1]
[0  1  0  0  1  0  1  1  1  1  1  1  1  0  1  0  1  1  1  1  0  0  1  1  1  0  1  1  1  1  1  0  1  1  0  0  1  0  0  0  0  1  0  0  1  0  0  0  1  0  0  0  1]
[0  0  0  0  1  0  1  0  1  1  0  1  0  0  1  1  0  0  1  1  1  0  0  0  1  1  1  1  0  1  1  1  0  1  0  0  1  0  1  1  0  0  0  1  0  1  0  1]
[1]
[1  1  0  1  1  0  1  0  1  1  1  1  0  1  1  0  0  1  1  1  0  0  1  1  1  0  1  1  0  1  0  1  0  0  1  0  1  1  0  0  0  1  1  0  1  0  0  1  1  1  1]
[0  1  0  0  1  1  1  0  1  0  0  0  1  0  1  1  0  1  0  1  1  1  1  1  1  0  1  0  1  0  0  1  1  1  1  1  0  0  1  1  1  0  0  1  0  0  0  0  1  0  0  0  1  1]
[1]
9007199378780177
9007199378780177
1877429238848995
[1  1  1  0  1  0  0  1  0  0  0  0  0  1  0  1  1  1  1  0  0  1  0  0  0  1  0  1  0  1  1  1  1  0  1  0  0  0  0  0  0  0  0  0  0  0  0  0  0  0  0  0  0  0  1]
#
