55
[0  0  0  0  1  1  0  0  1  1  1  1  0  0  0  0  1  1  0  0  0  1  0  1  1  1  0  1  0  1  1  1  0  1  1  0  0  0  0  1  0  1  0  0  0  0  1  0  1  1  0  1  1]
[0  0  0  0  0  1  1  0  1  1  1  1  1  1  1  1  1  0  0  0  0  0  1  0  0  0  1  1  1  1  1  0  0  1  0  0  1  1  1  1  0  0  0  1  0  1  1  1  1  0  0  0  1]
[1  1  1  0  0  1  0  0  1  1  0  1  1  1  0  1  1  1  0  0  0  0  0  0  1  0  0  0  0  0  1  0  0  0  0  0  0  0  0  1  0  0  1  0  0  1  0  0  0  1  1  1  0  1]
[0  1  1  1  1  0  0  1  0  1  0  0  1  0  0  1  0  1  1  1  0  0  0  0  0  1  0  0  1  0  0  0  0  1  0  1  0  0  1  0  0  1  1  1  1  1  1  0  0  1  1  1  1  0  1]
[1]
[1  1  1  0  1  0  0  1  1  0  1  1  1  1  0  1  1  0  1  0  1  0  1  0  1  1  1  0  1  0  1  0  0  0  0  1  0  0  0  0  1  1  0  1  0  1  0  1  1  0  0  1  1]
[1  0  0  1  1  1  0  1  1  0  0  0  0  0  1  1  1  1  1  0  0  0  0  1  0  1  1  0  1  0  0  1  1  1  0  1  0  1  1  0  1  0  1  0  0  1  0  0  1  0  1  1  1  0  1]
[1]
18014398514148527
18014398514148527
17207568435586854
[1  0  0  0  1  0  0  1  0  1  1  1  0  0  0  0  0  0  0  0  0  0  0  0  0  0  0  0  0  0  0  0  0  0  0  0  0  0  0  0  0  0  0  0  0  0  0  0  0  0  0  0  0  0  0  1]
#
