56
[0  1  0  0  1  0  0  0  1  0  0  0  0  1  1  1  1  0  1  1  1  0  0  0  1  1  0  0  1  1  1  1  0  0  1  1  0  1  0  0  0  0  0  1  0  0  1  0  1  0  0  1]
[1  1  0  1  1  0  0  1  0  0  1  0  0  1  0  1  1  1  1  0  0  1  1  1  1  1  1  0  1  1  0  1  0  0  1  1  1  1  0  0  1  1  1  1  0  1  0  0  1  0  0  0  1  0  1]
[0  0  1  0  0  1  0  1  0  0  1  1  0  0  1  0  1  1  0  0  1  1  1  0  1  0  0  1  0  0  0  1  1  1  0  1  1  1  0  0  1  1  0  1  1  1  1  1  0  0  1  0  0  1  0  1]
[0  1  0  1  1  1  0  1  0  0  1  1  1  1  0  0  1  1  0  0  0  0  0  0  0  1  1  0  1  1  0  1  0  1  0  1  1  1  1  0  1  0  1  1  1  0  0  1  1  1  0  1  1  1  1  1]
[1]
[0  1  1  0  0  1  0  1  0  0  0  0  0  1  1  0  0  0  1  1  0  1  0  0  1  1  0  1  0  0  1  1  0  0  0  0  0  1  0  1  0  1  1  0  0  0  0  1  1  1]
[1  0  0  1  0  1  1  0  1  0  1  0  1  0  1  0  0  0  0  1  0  0  1  1  0  0  1  1  1  0  0  1  1  1  1  0  1  0  1  0  1  1  1  0  0  0  0  1  1  1  0  1  0  1]
[1]
36028797191962049
36028797191962049
24579157718740725
[1  0  1  1  1  0  0  0  1  1  0  1  0  1  1  0  0  0  0  1  0  0  1  0  0  0  1  0  0  0  1  0  0  1  0  0  0  0  0  0  0  0  0  0  0  0  0  0  0  0  0  0  0  0  0  0  1]
#
