57
[1  0  0  0  1  0  1  1  1  0  0  1  0  1  1  1  1  1  0  1  0  0  1  1  0  0  0  0  0  0  0  0  1  1  0  1  1  1  0  1  1  0  0  1  1  1  0  1  1  1  1  1  1  0  0  1  1]
[0  1  1  1  1  1  0  1  0  1  1  1  1  0  0  1  1  0  0  0  0  0  0  1  0  0  1  1  1  1  0  0  1  1  1  1  1  0  0  1  1  1  1  1  0  0  0  0  1  0  1  0  0  1  1  0  1]
[0  1  0  1  0  0  1  1  1  1  1  1  1  1  0  1  0  1  0  0  1  0  1  1  0  0  0  1  1  0  1  0  1  0  0  1  1  0  0  0  0  1  0  0  1  0  0  0  1  0  0  1  0  0  0  1  1]
[1  0  0  0  1  1  1  0  1  1  0  0  0  0  1  1  1  0  1  1  0  0  0  1  0  1  0  1  1  0  0  0  0  0  1  1  0  1  1  1  1  1  1  1  1  0  1  1  1  0  1  0  1  1  1  1]
[1]
[1  1  1  1  1  0  0  0  1  1  1  1  0  0  0  1  1  1  0  1  1  0  0  0  0  0  0  1  0  0  0  1  1  0  0  0  0  1  1  0  1  1  1  1  1  0  1  0  0  1  1  0  0  1  1  1  1]
[0  1  0  0  0  1  1  0  1  0  1  1  1  1  1  0  1  1  1  1  0  0  0  0  0  1  1  1  0  0  0  1  0  0  0  0  1  0  1  1  0  0  1  1  1  0  1  0  0  1  0  1  0  1  0  1  1]
[1]
72057594206418673
72057594206418673
16231859063712012
[1  1  1  1  1  1  1  0  1  0  1  1  0  1  0  0  1  0  0  1  0  1  0  0  0  0  0  0  0  0  0  0  0  0  0  0  0  0  0  0  0  0  0  0  0  0  0  0  0  0  0  0  0  0  0  0  0  1]
#
