58
[0  1  0  0  1  1  1  1  0  1  1  0  0  0  1  1  0  1  0  1  1  0  0  0  0  0  0  0  0  0  0  0  1  1  0  0  1  1  1  1  1  1  1  1  1  0  1  1  0  1  1  0  1  0  0  1  1]
[1  0  0  1  1  1  0  0  0  0  0  0  0  0  0  0  0  0  1  0  0  0  0  1  1  1  1  1  0  0  0  0  0  0  1  1  1  0  0  0  0  1  0  0  1  1  0  1  1  0  1  0  1  0  1  1  0  1]
[1  1  1  1  1  1  1  1  1  0  1  0  1  0  0  1  0  0  1  0  0  0  0  0  1  1  0  0  1  1  0  1  0  0  1  1  1  0  1  1  1  1  0  1  1  0  0  0  1  1  0  0  0  1  0  1]
[0  0  0  0  1  0  1  1  0  1  0  0  1  0  0  1  0  0  1  1  0  0  1  0  1  0  1  1  1  1  1  1  1  1  1  0  0  0  0  1  0  0  1  0  0  1  0  0  0  0  0  0  1  0  0  0  0  1]
[1]
[1  1  1  1  1  1  0  0  1  0  0  0  0  0  1  0  1  0  0  1  0  0  1  0  0  0  0  1  1  0  1  1  1  1  1  0  0  0  0  1  0  1  1  0  0  0  0  0  0  0  1  1  1  1  0  1  1]
[0  1  1  1  1  1  1  1  1  0  0  0  1  0  0  1  1  1  0  0  1  0  0  0  0  1  0  0  0  0  1  0  1  1  1  1  1  0  1  1  0  0  1  0  0  1  0  0  1  0  0  0  1  1  1  0  0  1]
[1]
144115188249688847
144115188249688847
71481793066476230
[1  1  0  1  0  1  1  1  1  0  1  1  1  0  0  0  1  0  1  0  0  0  1  0  1  1  1  0  0  1  0  1  0  0  0  0  0  0  0  0  0  0  0  0  0  0  0  0  0  0  0  0  0  0  0  0  0  0  1]
#
