59
[1  0  1  1  0  0  0  1  1  1  1  0  1  0  1  1  1  0  1  1  1  1  1  0  0  1  0  0  1  0  1  1  0  0  1  0  0  1  1  0  0  1  0  0  1  0  1  1  1  1  0  0  1  0  0  0  0  1  1]
[1  1  0  1  1  0  0  1  1  0  0  0  0  0  0  1  1  0  0  1  0  1  0  0  1  1  1  0  1  1  1  1  1  1  0  1  0  1  1  0  0  1  1  0  1  0  0  1  0  0  0  0  1  1  1  1  1  1  1]
[0  1  1  1  0  1  0  0  0  1  1  0  1  0  1  1  0  0  0  1  1  0  0  0  1  1  1  0  0  0  1  1  1  0  0  0  0  0  0  1  0  0  1  1  1  1  0  0  1  0  1  0  0  0  0  1  0  1]
[0  0  0  0  0  1  1  1  1  0  1  0  0  1  1  1  0  0  1  1  0  1  1  1  0  1  0  1  1  1  0  1  0  0  1  1  1  0  1  1  0  1  1  0  1  0  0  0  0  1  0  1  1  1  1  0  0  0  1]
[1]
[1  0  1  0  1  0  0  1  1  0  1  0  0  0  0  0  0  0  1  1  1  0  1  0  1  1  1  0  1  0  1  0  0  1  0  1  0  1  0  1  1  1  1  1  1  0  0  0  0  0  0  1  0  1  0  1  0  0  1]
[0  1  0  0  0  0  0  1  1  1  0  0  0  1  0  0  1  0  0  1  0  0  0  0  0  0  0  1  0  1  0  0  1  0  1  0  0  0  0  0  1  0  0  0  1  1  1  0  0  1  1  1  0  0  1  1  1  0  1]
[1]
288230376286070899
288230376286070899
216372019763190279
[1  1  0  1  1  1  1  0  0  0  0  0  0  0  0  0  0  0  0  0  0  0  0  0  0  0  0  0  0  0  0  0  0  0  0  0  0  0  0  0  0  0  0  0  0  0  0  0  0  0  0  0  0  0  0  0  0  0  0  1]
#
