60
[1  1  0  0  1  1  1  1  1  1  0  0  0  1  0  0  1  0  1  0  0  1  0  1  0  1  1  0  1  1  0  0  1  0  0  1  1  0  0  0  0  1  1  1  1  0  1  1  0  0  0  0  0  1  0  0  1  1  1]
[0  0  0  0  0  1  1  0  0  0  0  0  1  0  0  0  1  0  1  1  0  1  0  1  0  1  1  0  0  1  0  1  1  0  1  1  1  0  0  0  0  0  0  1  0  1  1  1  1  0  0  1  1  1  1  1  1  0  1  1]
[0  1  1  1  1  1  1  0  1  1  0  1  1  1  1  0  0  0  1  1  0  1  0  0  0  1  0  0  1  1  1  1  0  1  1  0  0  0  1  1  0  0  1  1  1  0  1  0  0  1  1  0  1  0  0  1  0  0  0  1]
[1  0  1  0  1  0  1  1  1  1  0  1  0  1  0  1  0  0  1  1  0  1  1  1  0  0  0  0  0  0  0  1  1  1  1  1  1  1  1  0  1  1  1  0  0  1  0  0  0  0  0  1  0  0  1  1]
[1]
[0  0  0  1  0  0  0  1  0  1  1  0  1  1  0  0  1  1  0  0  0  1  1  1  0  1  1  0  1  1  1  0  0  0  1  1  1  1  0  1  0  0  1  0  0  0  0  0  0  0  1  1  1  0  0  0  0  0  1]
[1  1  0  1  0  0  1  0  0  1  0  1  0  1  1  1  0  1  0  1  1  0  1  0  0  0  0  1  0  1  1  1  0  1  1  0  1  0  1  1  0  0  0  1  1  0  1  1  1  0  0  0  0  1  1  0  0  1  1]
[1]
576460752336018653
576460752336018653
554585696179016470
[1  0  1  1  1  1  0  0  1  0  0  0  1  0  0  0  0  1  0  1  0  0  1  0  0  1  1  0  0  0  1  0  1  1  1  0  1  0  0  1  0  1  1  0  1  1  0  0  0  0  0  0  0  0  0  0  0  0  0  0  1]
#
