61
[1  0  0  0  1  0  0  1  1  0  1  1  0  0  0  1  0  0  0  0  1  1  0  1  1  1  1  1  1  1  1  1  0  1  1  1  0  0  1  0  0  0  0  0  1  1  1  1  1  1  0  0  1  1  0  1  0  0  1  0  1]
[1  1  0  1  1  1  1  1  1  0  1  1  0  0  0  0  1  1  1  1  1  1  0  1  0  1  0  1  0  1  0  1  0  0  1  0  0  1  0  1  0  0  1  0  1  1  1  1  1  0  1  0  0  1  1  0  0  0  0  1  1]
[0  1  0  1  1  0  1  1  1  0  0  0  1  0  0  1  1  1  0  1  0  0  1  1  1  1  0  0  0  0  1  1  0  1  1  1  1  1  1  1  1  0  1  1  1  0  0  0  1  0  0  0  1  0  1  0  0  1  0  1  1]
[0  0  1  0  0  0  0  0  1  1  1  0  1  1  0  1  1  1  0  0  0  1  1  1  1  1  1  1  0  0  1  0  1  1  1  1  1  1  0  1  1  1  1  0  1  1  0  0  1  1  0  0  1  0  0  1  1  1  1]
[1]
[0  0  1  0  0  1  0  0  1  0  0  1  0  1  0  1  0  1  0  0  1  0  0  1  0  1  1  1  1  0  0  0  0  0  1  0  1  0  1  1  0  1  1  1  0  0  1  0  1  1  1  1  0  0  1  0  0  0  1  1  1]
[0  1  0  1  0  1  1  0  1  0  0  1  0  0  1  0  1  0  1  0  0  1  0  0  1  0  1  1  0  0  0  0  1  0  1  1  0  0  1  0  1  0  0  0  0  1  0  1  1  1  0  0  0  0  1  1  1  0  1  1]
[1]
1152921505405161473
1152921505405161473
937532078280822247
[1  1  1  0  0  1  0  0  0  0  0  0  0  0  0  0  0  0  0  0  0  0  0  0  0  0  0  0  0  0  0  0  0  0  0  0  0  0  0  0  0  0  0  0  0  0  0  0  0  0  0  0  0  0  0  0  0  0  0  0  0  1]
#
