62
[0  1  1  0  0  1  1  0  1  1  0  0  1  1  0  1  0  0  1  0  0  0  0  1  0  1  1  1  0  1  0  1  0  0  1  1  0  1  0  0  0  0  1  0  1  1  1  1  1  1  1  0  0  0  0  1  1  0  0  0  0  1]
[0  0  1  0  1  1  1  0  1  1  1  0  1  0  0  0  0  0  1  1  0  1  1  1  1  1  0  0  1  1  0  1  1  1  1  1  1  1  1  0  0  1  0  1  1  0  1  1  1  0  1  1  0  0  0  1  1  1  1  0  1  1]
[1  0  1  1  0  0  0  0  1  1  1  1  1  0  0  0  0  1  1  1  1  0  0  0  1  0  1  1  0  1  1  1  0  1  0  1  1  0  1  0  0  1  0  0  0  0  0  1  1  1  1  1  0  1  1  1  0  1  0  0  0  1]
[0  1  0  1  1  0  1  1  0  0  1  0  0  1  0  0  1  1  1  0  0  0  1  0  1  1  0  0  1  1  0  1  0  0  0  0  0  0  1  0  1  0  1  0  0  0  0  1  0  1  0  0  1  0  0  1  1  0  1]
[1]
[1  0  1  1  1  1  1  1  1  1  0  1  1  1  1  0  1  1  1  1  0  1  0  1  0  1  0  1  0  0  1  0  0  0  1  1  1  0  0  0  0  1  0  1  0  1  0  0  1  1  0  0  0  1  0  0  0  1  0  1]
[1  0  1  1  0  1  1  0  0  1  0  1  0  0  0  1  0  1  1  0  1  1  0  0  1  0  1  1  0  1  0  0  0  0  0  0  1  1  0  1  1  1  1  1  1  1  1  0  1  1  0  1  1  1  0  1  0  1  0  1  0  1]
[1]
2305843010591349689
2305843010591349689
771897225998024078
[1  1  0  0  0  0  1  0  0  0  0  0  1  1  1  0  1  1  1  1  1  1  0  0  1  1  1  1  1  1  1  0  1  0  0  0  0  0  0  0  0  0  0  0  0  0  0  0  0  0  0  0  0  0  0  0  0  0  0  0  0  0  1]
#
