63
[1  1  0  0  0  0  1  1  0  1  1  1  0  1  1  0  1  1  1  1  1  0  0  0  0  1  1  1  1  1  0  1  1  0  0  1  1  1  0  0  0  1  0  0  1  0  0  1  1  0  0  0  0  1  1  0  0  1  1]
[1  0  0  1  1  1  0  1  0  1  0  0  1  0  1  1  1  0  0  0  1  1  0  1  0  1  0  0  1  1  0  1  0  0  1  0  1  0  0  1  0  1  0  1  0  1  1  1  0  0  1  0  1  0  0  0  1  0  1  0  0  0  1]
[1  1  1  0  0  0  1  0  0  0  0  1  1  0  0  1  1  1  1  1  0  0  1  0  0  1  0  1  0  1  1  1  1  0  0  0  1  1  0  1  0  1  0  0  1  0  0  1  1  0  1  0  1  0  1  1  0  1  0  0  0  0  1]
[0  0  1  1  1  1  1  1  1  0  0  0  0  1  0  1  1  1  0  1  1  1  1  1  1  1  1  1  0  1  0  1  1  1  0  0  0  0  1  0  0  0  1  1  1  1  1  0  1  0  0  1  0  0  1  1  0  1  0  0  1  0  1]
[1]
[1  1  1  1  0  1  0  0  1  0  0  0  0  1  1  1  1  0  0  0  0  0  1  0  1  0  1  1  0  0  1  0  1  1  0  1  1  0  0  1  0  0  1  0  0  0  0  0  0  0  1  0  1  0  0  1  1  1  0  1  1  1  1]
[1  1  0  0  1  1  1  1  0  0  1  1  0  1  0  1  1  0  0  0  0  1  1  1  1  0  0  0  0  1  1  1  1  0  1  0  0  0  1  1  1  0  0  0  0  0  0  0  0  1  0  1  0  0  1  0  1  1  1  0  0  1  1]
[1]
4611686020384897621
4611686020384897621
4571265267656398944
[1  1  1  1  1  0  0  0  1  1  0  1  0  0  0  1  1  1  0  0  0  0  1  1  1  0  0  0  0  0  0  0  0  0  0  0  0  0  0  0  0  0  0  0  0  0  0  0  0  0  0  0  0  0  0  0  0  0  0  0  0  0  0  1]
#
