64
[0  1  0  0  0  1  0  1  1  0  0  1  0  1  0  0  1  1  1  0  1  0  1  1  0  1  0  1  1  0  1  0  1  0  1  0  0  1  1  1  0  0  1  0  0  0  1  1  0  1  1  1  0  0  1  1  0  1  1  0  1  0  1  1]
[1  1  0  0  1  1  0  0  1  0  0  1  0  1  1  1  1  1  1  1  1  0  0  0  0  0  0  1  0  1  0  1  0  0  1  0  1  1  1  0  1  1  0  0  0  1  0  0  0  0  1  0  0  1  1  0  1  0  1  0  1  0  1  1]
[1  0  1  1  1  1  1  1  0  1  0  0  1  0  0  0  0  0  0  1  1  0  0  0  1  1  0  1  1  1  0  1  0  0  0  0  1  1  0  0  1  0  1  1  0  0  0  1  0  1  0  1  0  1  1  1  0  0  1  0  1  1  1]
[1  0  1  1  0  1  1  0  0  0  1  1  1  1  1  0  1  1  0  1  1  1  1  1  0  0  1  1  0  0  1  0  1  1  1  0  0  0  0  0  1  1  0  1  1  0  1  1  1  0  0  0  1  1  0  1  1  0  1  0  1  1  0  1]
[1]
[0  1  0  0  0  1  0  0  0  0  1  0  1  1  1  1  0  1  0  0  0  0  0  0  1  1  0  1  0  1  0  1  0  0  1  1  1  1  1  0  1  0  0  0  1  1  1  0  0  1  1  0  1  0  1  1  0  0  0  1  1  1  0  1]
[1  1  1  1  0  1  0  1  1  0  0  0  1  1  0  1  1  1  0  0  0  1  1  1  1  1  0  0  0  1  1  0  0  0  0  1  0  0  1  1  0  1  0  1  0  0  1  0  1  0  0  1  0  1  1  0  1  1  1  0  0  0  1]
[1]
9223372040107682111
9223372040107682111
6560062182864089489
[1  1  1  0  1  1  0  1  0  0  1  1  1  1  0  0  0  0  1  0  1  1  1  1  1  1  1  0  0  0  1  0  0  1  0  0  0  0  0  0  0  0  0  0  0  0  0  0  0  0  0  0  0  0  0  0  0  0  0  0  0  0  0  0  1]
#
