65
[0  1  0  0  0  0  0  1  0  1  0  1  0  0  0  0  1  0  1  0  1  0  1  1  0  1  1  0  0  0  0  0  1  1  0  0  0  1  1  1  0  1  0  1  1  1  1  0  1  1  0  1  0  1  0  1  1  0  1  1  1  1  0  1  1]
[1  0  0  1  1  0  1  0  0  1  0  1  0  1  0  0  1  1  1  0  1  0  0  0  0  1  1  1  1  1  1  0  0  0  1  0  1  0  0  1  0  1  0  1  0  0  1  0  0  1  1  1  0  0  0  1  0  1  1  1  0  0  0  0  1]
[0  1  0  1  0  1  0  0  0  1  0  1  1  0  1  0  0  0  1  0  0  0  0  1  1  0  0  1  1  1  1  1  1  0  0  0  0  0  1  0  1  0  0  0  0  0  0  1  1  0  1  0  0  1  1  0  1  1  0  1  1  0  1  0  1]
[1  1  0  0  0  0  0  1  1  1  1  0  0  1  0  0  1  1  0  0  0  1  0  0  1  0  0  0  1  1  1  0  0  0  0  1  1  0  1  0  1  0  0  1  1  1  1  1  1  0  1  1  1  1  1  1]
[1]
[1  1  0  0  1  1  0  0  0  0  1  1  1  1  1  1  1  0  1  0  0  1  0  0  1  1  1  1  0  0  1  0  1  0  0  0  0  1  1  1  0  1  0  0  1  0  0  0  0  0  0  1  0  1  0  0  1  0  0  1  0  1  1]
[1  0  0  0  1  0  0  1  1  1  0  1  1  1  0  1  1  0  1  0  1  1  0  0  0  1  0  1  0  1  1  0  1  0  0  1  0  1  0  0  1  1  0  0  1  1  0  0  0  1  0  1  0  0  1  1  1  1  0  0  0  0  0  1  1]
[1]
18446744076244306351
18446744076244306351
6803351152180758902
[1  1  0  0  0  1  0  1  0  1  1  0  1  1  1  1  0  0  0  0  0  0  0  0  0  0  0  0  0  0  0  0  0  0  0  0  0  0  0  0  0  0  0  0  0  0  0  0  0  0  0  0  0  0  0  0  0  0  0  0  0  0  0  0  0  1]
#
