66
[0  0  1  1  0  1  1  0  0  1  0  0  0  0  1  0  1  0  1  0  1  0  0  1  0  0  0  0  1  1  0  1  1  0  0  0  0  1  1  0  0  1  0  0  0  0  1  0  0  0  1  1  0  0  1  1  1  1  0  0  0  0  1  1  0  1]
[1  0  1  1  0  0  1  0  0  1  1  0  0  0  1  0  1  1  0  0  0  0  0  1  1  1  0  0  1  1  0  1  1  1  1  0  0  1  0  0  1  0  1  0  0  1  0  1  0  0  1  1  0  1  1  0  1  1  1  1  0  1  0  0  0  1]
[0  0  0  1  0  0  0  0  1  0  1  1  0  0  1  0  0  0  1  0  0  1  1  1  0  1  1  0  0  0  0  0  0  1  1  0  1  1  1  1  1  0  1  1  1  0  1  0  0  0  1  1  0  0  1  0  1  0  1  0  1  0  1  1  1  1]
[0  1  1  0  0  1  1  0  1  1  0  0  1  1  0  0  1  0  0  0  0  0  0  1  1  0  1  0  0  1  0  0  0  1  1  1  1  0  0  0  0  1  1  1  1  1  1  1  1  0  1  0  1  0  1  0  1  0  0  0  0  1  1  1]
[1]
[0  0  1  1  1  1  1  0  0  0  1  0  1  1  0  0  1  0  1  0  1  0  1  0  0  1  0  0  0  1  0  1  1  1  1  1  0  1  1  0  0  1  1  1  0  1  1  0  0  0  1  1  1  0  0  1  1  1  0  0  0  1  0  1]
[1  0  0  1  0  0  1  0  0  0  0  1  0  1  1  0  0  0  0  0  1  1  1  0  0  0  1  1  0  1  1  0  0  0  1  1  1  0  0  1  1  0  1  0  1  0  1  1  1  1  0  0  1  0  1  0  0  1  0  0  1]
[1]
36893488151758219031
36893488151758219031
31206107439635612768
[1  0  1  0  1  1  1  1  0  0  0  1  0  1  0  0  1  0  0  1  0  1  1  1  1  0  0  1  0  1  1  1  1  1  1  0  0  0  1  0  1  0  1  0  0  1  1  0  0  0  0  0  0  0  0  0  0  0  0  0  0  0  0  0  0  0  1]
#
