67
[0  1  1  1  1  0  1  0  0  1  0  1  1  1  0  0  1  1  1  1  0  0  1  0  0  1  0  0  1  1  0  0  1  1  1  1  1  1  0  1  1  0  1  0  0  0  0  1  0  1  1  1  1  1  0  1  1  0  1  1  1  1  1  0  1  1  1]
[1  1  1  0  0  1  1  1  1  0  1  1  0  0  0  0  1  1  0  1  1  0  0  1  0  1  1  0  0  0  0  0  1  1  0  0  0  0  0  1  0  0  1  1  1  1  1  0  1  1  0  1  0  1  1  1  1  0  0  0  0  0  1  0  1  0  1]
[0  0  1  0  1  0  0  0  0  0  0  0  0  1  0  1  1  1  1  1  1  1  0  0  0  0  0  0  0  1  0  0  1  0  0  1  0  0  1  1  0  0  1  0  0  0  0  1  0  1  1  1  1  0  1  1  0  0  0  1  0  1  0  0  0  1  1]
[0  1  0  1  1  0  0  1  1  1  0  0  0  1  0  1  0  1  0  0  0  0  0  0  0  1  1  1  1  0  1  0  0  1  0  0  1  1  1  1  0  1  0  0  0  1  0  1  0  1  0  0  0  0  1  1  1  0  0  1  1  1  0  0  0  1  1]
[1]
[1  1  1  1  0  0  1  0  1  0  0  0  0  0  0  1  1  1  1  0  1  1  1  1  1  1  1  0  0  0  0  0  0  1  0  1  0  0  0  1  0  1  0  1  1  1  1  0  0  0  0  0  0  0  0  1  0  1  1  0  0  1  0  0  1]
[1  1  1  1  0  1  1  0  1  1  1  0  0  1  0  1  1  0  0  0  1  0  0  1  0  0  0  0  0  0  1  1  1  0  1  1  0  1  0  0  0  0  0  0  0  0  0  1  0  0  0  1  0  1  1  1  1  0  1  1  1  1  0  0  1  1]
[1]
73786976300546005331
73786976300546005331
21341436985354238503
[1  1  1  0  0  1  0  0  0  0  0  0  0  0  0  0  0  0  0  0  0  0  0  0  0  0  0  0  0  0  0  0  0  0  0  0  0  0  0  0  0  0  0  0  0  0  0  0  0  0  0  0  0  0  0  0  0  0  0  0  0  0  0  0  0  0  0  1]
#
