68
[0  1  0  1  1  0  0  1  1  1  0  1  1  1  1  1  1  1  1  1  1  1  1  1  0  0  1  0  1  1  0  1  0  1  0  0  0  1  0  0  1  0  1  0  0  0  1  0  1  0  1  1  0  1  0  0  0  0  0  0  0  1  0  0  0  1  1]
[1  1  0  1  0  0  0  0  1  1  0  0  1  1  1  1  0  1  1  1  1  0  1  0  1  0  1  1  1  0  1  1  1  0  0  0  1  1  0  0  0  0  0  1  1  1  1  1  1  1  0  0  0  0  0  0  1  1  0  1  0  0  1  0  1  1  1  1]
[1  0  1  1  0  0  0  0  0  1  0  0  0  0  1  0  1  0  0  0  0  1  0  0  1  0  0  0  0  1  1  0  0  0  1  0  0  0  1  0  0  1  0  0  1  0  0  1  0  0  0  1  0  1  1  1  1  1  1  0  0  0  1  0  1  1  1]
[0  1  0  1  1  1  1  1  1  0  0  0  1  1  0  1  0  0  1  0  1  1  0  1  1  0  1  0  1  0  1  1  0  1  0  1  1  0  0  0  0  0  1  1  1  1  1  0  1  0  0  0  0  0  0  0  0  1  0  0  1  1  0  0  1  1  0  1]
[1]
[1  0  0  1  1  0  1  0  0  1  1  1  1  1  0  1  0  0  1  0  1  1  0  1  1  0  0  1  1  1  0  0  1  1  1  1  1  1  0  1  0  0  1  0  0  0  0  0  1  0  1  0  0  1  0  0  1  0  0  1  1  0  0  1  1  0  1  1]
[1  0  1  0  1  0  0  1  0  1  1  0  1  0  0  1  0  0  0  1  0  0  0  0  0  1  0  0  0  0  0  1  1  1  1  1  1  1  1  0  0  0  1  0  1  0  0  0  0  1  1  1  1  1  0  1  0  1  0  0  1  1  1  0  1  0  0  1]
[1]
147573952592753237543
147573952592753237543
972169056696372903
[1  1  0  0  1  1  0  0  1  1  0  0  0  1  1  1  0  0  0  0  1  0  1  0  0  0  1  0  1  1  1  0  0  0  0  1  0  0  0  0  0  0  0  0  0  0  0  0  0  0  0  0  0  0  0  0  0  0  0  0  0  0  0  0  0  0  0  0  1]
#
