69
[0  1  0  0  0  1  1  1  0  0  1  1  0  1  0  0  0  0  0  1  0  1  1  0  1  0  1  0  1  0  0  0  1  0  1  0  1  0  1  0  1  0  0  0  0  0  1  0  1  1  0  1  1  0  0  1  0  1  1  1  1  1  1  1  0  1  0  1  1]
[1  0  1  1  0  1  0  1  1  0  1  0  1  1  0  1  0  1  1  1  0  1  1  0  1  0  0  0  0  0  1  0  0  0  0  1  1  1  0  1  1  0  1  1  1  1  1  0  0  0  1  0  1  0  0  0  1  0  1  0  1  1  1  0  1  0  1]
[1  1  1  1  1  1  1  0  0  0  0  1  1  0  1  1  1  1  0  1  0  0  1  1  1  0  1  0  0  1  1  1  0  0  0  1  0  1  0  0  0  1  1  1  1  1  1  0  1  1  0  1  0  1  1  0  0  0  1  1  0  0  1  1  1  1]
[1  0  0  1  0  1  0  0  1  1  0  0  0  0  1  0  0  0  0  0  1  0  1  0  1  0  1  0  1  1  1  1  0  1  0  0  1  0  0  1  0  1  0  1  0  1  0  1  0  0  0  1  0  0  1  0  0  0  1  0  0  1  1  1  1  0  1  1  1]
[1]
[0  0  1  1  1  0  0  1  1  1  0  0  0  1  1  0  1  0  1  1  0  1  1  1  1  0  1  1  0  0  0  0  1  0  1  0  1  0  1  1  0  0  1  0  0  1  1  1  0  1  0  0  0  0  1  1  0  0  1  0  1  1  0  1  1  0  0  0  1]
[0  0  1  1  0  1  0  0  0  1  0  0  0  0  0  0  0  1  1  1  1  0  1  1  1  1  1  1  1  1  0  0  0  1  1  0  1  1  0  1  1  1  0  1  0  1  1  1  1  1  0  0  0  0  1  1  1  0  1  1  0  0  1  0  1  0  1  1]
[1]
295147905197461988011
295147905197461988011
27472652150387443835
[1  0  0  0  1  1  0  0  1  1  1  0  0  0  1  0  0  1  1  0  0  0  0  0  1  0  0  0  0  0  0  0  0  0  0  0  0  0  0  0  0  0  0  0  0  0  0  0  0  0  0  0  0  0  0  0  0  0  0  0  0  0  0  0  0  0  0  0  0  1]
#
