70
[0  1  0  0  0  1  0  0  0  0  1  0  0  1  1  0  0  0  0  1  1  0  1  0  0  0  1  1  1  0  1  1  1  0  0  0  1  1  1  1  1  1  1  1  0  0  0  1  1  0  0  0  1  1  1  0  1  1  0  1  0  0  0  0  1  0  1  1  0  1]
[0  1  1  0  0  1  0  0  1  0  0  1  1  1  1  1  1  1  1  1  1  0  1  1  0  0  0  1  1  0  0  1  1  1  1  1  1  0  0  1  1  0  1  1  0  1  0  0  0  0  0  0  1  1  0  1  1  0  1  0  0  1  0  0  1  0  0  0  1]
[1  1  0  1  0  0  0  1  0  0  1  1  1  0  0  0  1  1  1  0  1  1  1  0  1  1  0  1  0  1  1  0  0  1  0  1  1  1  0  1  0  0  0  1  0  1  1  1  1  0  0  1  1  0  0  1  0  0  0  1  0  0  1  1  0  1  0  0  0  1]
[1  0  0  1  1  1  0  0  1  0  0  0  0  1  1  0  0  1  0  0  0  0  0  1  0  1  1  0  1  1  0  1  1  1  0  0  0  0  0  0  1  1  1  0  0  0  1  1  1  0  0  0  1  0  1  1  0  1  1  0  1  0  0  1  1  0  1  0  1  1]
[1]
[0  0  1  1  1  1  1  0  1  0  0  0  1  0  0  1  0  1  1  0  1  1  0  1  1  1  0  1  0  0  1  0  1  1  1  1  0  1  1  0  1  0  0  1  1  0  1  0  1  1  1  1  0  1  1  1  0  1  0  1  0  0  0  1  1  0  0  1]
[1  1  0  0  0  0  1  1  0  0  1  1  0  1  0  1  0  1  1  0  0  0  0  0  1  1  1  0  1  0  0  1  1  0  1  0  1  1  0  1  1  0  0  0  0  1  1  0  1  1  1  1  0  0  1  0  1  0  0  1  1  1  0  1  0  0  1  1  1]
[1]
590295810366712262647
590295810366712262647
296624759739754723727
[1  0  1  1  0  0  0  1  1  1  1  1  1  1  1  1  0  0  0  1  1  1  0  0  1  0  1  0  0  1  1  0  1  1  1  1  1  1  0  1  0  0  0  1  1  0  0  0  0  0  0  0  0  0  0  0  0  0  0  0  0  0  0  0  0  0  0  0  0  0  1]
#
