71
[1  0  1  1  1  0  1  1  1  0  1  1  0  1  1  1  0  1  1  1  1  1  1  0  0  0  0  0  1  1  1  1  0  0  0  1  0  1  1  1  1  1  0  0  0  0  1  1  1  0  0  0  1  1  0  0  0  0  1  1  1  1  1  1  0  0  0  1  1  1]
[1  1  1  0  1  0  0  0  0  0  1  1  0  1  1  1  1  0  1  1  0  0  0  1  0  0  0  1  1  0  1  0  1  0  0  0  1  1  0  0  0  0  0  1  1  1  1  1  1  0  0  1  1  1  1  0  0  0  0  1  1  0  1  1  1  0  0  1  1  0  1]
[1  0  1  0  1  0  0  1  1  1  0  1  1  1  1  1  0  0  1  0  1  1  1  0  0  0  1  1  0  1  0  0  0  1  0  0  0  0  0  0  1  1  1  1  0  1  1  1  1  1  1  0  1  0  0  0  1  0  0  1  0  0  1  1  1  0  0  0  1  1]
[1  0  1  1  1  1  0  0  1  0  1  1  1  0  0  1  1  0  1  1  1  0  1  0  1  0  0  0  1  0  1  1  1  0  1  1  1  0  0  1  0  0  0  1  1  1  1  1  0  1  0  1  0  0  1  0  0  1  0  0  0  1  0  0  1  0  0  0  1  1  1]
[1]
[1  0  0  1  1  0  0  1  0  1  0  0  1  0  1  0  0  1  0  0  1  0  1  0  1  1  0  1  0  1  0  0  0  1  1  0  1  0  1  0  1  1  0  0  0  0  0  0  0  1  0  0  1  0  1  1  0  1  0  0  1  0  0  0  1  1  0  0  1  1  1]
[0  1  1  0  0  1  1  0  1  0  0  0  1  0  1  0  0  1  0  1  0  0  1  1  0  0  0  0  1  0  1  0  1  0  0  1  1  0  0  0  1  0  1  1  1  0  1  1  0  1  0  1  0  0  0  0  0  0  1  0  0  0  1  0  0  1  0  1]
[1]
1180591620717691215307
1180591620717691215307
872460675284710428558
[1  1  0  1  0  1  0  0  0  0  0  0  0  0  0  0  0  0  0  0  0  0  0  0  0  0  0  0  0  0  0  0  0  0  0  0  0  0  0  0  0  0  0  0  0  0  0  0  0  0  0  0  0  0  0  0  0  0  0  0  0  0  0  0  0  0  0  0  0  0  0  1]
#
