72
[0  0  1  0  0  0  0  1  0  1  1  1  0  0  1  1  1  1  0  1  0  0  0  0  0  1  0  0  0  1  0  0  1  1  0  1  1  0  1  0  0  1  1  0  0  1  1  1  1  1  1  0  0  0  1  1  0  0  0  1  1  1  0  1  1  0  0  1  1]
[0  0  1  1  0  0  0  1  1  1  1  0  0  0  0  1  1  0  1  1  0  1  1  0  1  0  1  1  1  1  0  1  0  1  0  0  1  0  0  0  0  1  1  1  1  1  1  1  1  0  1  0  0  1  1  0  0  0  0  1  1  1  1  1  0  0  1  0  0  1]
[0  1  0  0  1  1  0  0  0  0  1  0  1  0  0  0  1  1  0  1  1  0  1  0  0  1  0  1  0  1  1  1  0  1  0  0  1  0  0  0  1  1  0  1  0  0  1  0  0  1  0  0  1  1  1  0  0  0  0  0  0  1  1  0  1  0  1]
[1  1  0  0  0  1  1  0  0  1  1  1  1  0  0  1  0  1  1  0  0  1  0  1  1  0  0  1  1  0  0  0  0  0  1  1  1  1  1  1  1  1  0  1  0  1  1  1  0  1  1  1  1  1  0  1  0  0  0  1  1  0  0  1  1  0  0  1  1  1  0  1]
[1]
[1  0  1  1  0  0  0  0  0  1  0  0  0  0  0  1  1  0  0  0  1  0  1  1  1  0  0  0  1  1  0  0  1  1  0  1  0  0  1  1  1  1  0  1  0  0  0  1  1  0  1  0  0  1  0  1  0  1  1  0  1  1  0  0  1  0  0  0  0  1]
[1  1  0  0  0  1  1  0  0  0  0  1  1  1  1  1  1  0  1  0  1  0  0  0  0  1  0  0  1  1  0  0  1  0  0  1  1  0  1  0  0  0  1  1  0  0  0  1  1  1  0  0  0  1  1  0  0  1  0  0  0  1  0  1  0  0  1  0  0  0  1  1]
[1]
2361183241459903846121
2361183241459903846121
1637030888506370861696
[1  0  0  0  1  0  0  0  1  0  0  0  1  0  0  1  0  0  1  0  0  1  1  1  0  1  0  1  0  1  1  1  1  0  0  1  0  0  1  0  0  0  0  0  1  0  0  1  1  0  0  0  0  0  0  0  0  0  0  0  0  0  0  0  0  0  0  0  0  0  0  0  1]
#
