73
[0  1  1  1  1  0  1  0  1  0  0  1  1  1  1  0  0  0  0  0  1  1  1  1  0  1  1  1  0  0  0  1  0  0  0  1  1  0  0  1  0  1  1  1  0  1  1  0  1  1  1  1  1  1  0  0  1  0  0  0  1  0  1  1  1  0  0  1  0  0  0  1  1]
[0  0  1  1  0  1  0  0  1  0  0  1  0  1  1  1  1  1  1  0  1  1  0  0  1  1  1  0  0  0  1  0  0  0  1  1  1  0  0  0  0  1  1  1  0  0  0  0  0  1  1  0  1  0  0  0  0  0  1  1  0  0  0  0  1  1  0  1  0  1  0  0  1]
[0  0  1  0  0  0  1  0  1  1  1  0  0  1  1  0  0  1  1  0  1  0  0  0  1  0  1  1  0  1  1  1  1  1  1  0  0  1  1  0  1  1  1  0  1  1  0  1  0  1  0  0  0  1  1  0  0  1  0  0  1  0  0  0  0  0  0  1  1  1  1]
[0  0  0  1  0  0  1  1  1  1  1  1  0  1  1  1  0  0  1  1  1  0  1  1  1  1  1  0  0  0  1  0  0  1  0  1  0  0  0  1  0  0  0  1  0  1  1  0  1  1  0  1  1  0  1  0  1  1  1  1  1  1  0  0  1  0  0  0  1  1  0  1  1]
[1]
[0  1  1  0  0  0  0  0  1  1  1  0  1  0  0  1  0  0  1  0  0  1  0  1  0  0  1  1  1  0  0  0  0  0  1  1  1  0  1  1  0  0  1  0  0  0  0  1  1  0  0  1  1  0  0  1  1  0  0  0  0  1  0  0  1  0  1  0  1  1]
[1  1  0  0  0  0  1  0  0  1  1  0  0  0  1  0  0  0  0  0  1  0  1  1  1  0  1  0  0  0  1  1  0  1  1  1  1  0  1  0  0  1  0  1  0  0  1  1  1  0  0  0  0  0  1  0  1  0  0  1  0  0  0  0  1  1  1  0  0  0  1  1  1]
[1]
4722366482905511773687
4722366482905511773687
3370656806003879860191
[1  0  1  1  1  0  0  0  0  0  0  0  0  0  0  0  0  0  0  0  0  0  0  0  0  0  0  0  0  0  0  0  0  0  0  0  0  0  0  0  0  0  0  0  0  0  0  0  0  0  0  0  0  0  0  0  0  0  0  0  0  0  0  0  0  0  0  0  0  0  0  0  0  1]
#
