74
[1  1  1  1  0  0  0  0  0  0  0  0  1  1  0  1  1  0  0  0  0  1  0  0  1  0  1  0  0  0  1  0  1  1  0  1  0  1  1  1  0  1  0  1  1  0  1  1  1  0  1  1  0  0  0  0  1  0  0  1  1  0  1  1  1  0  0  1  1  0  0  1]
[1  1  0  0  0  1  1  0  0  1  1  1  1  1  0  1  1  0  1  1  1  1  0  1  1  1  0  1  0  1  1  0  1  0  1  1  0  1  1  1  0  1  0  1  0  0  1  0  0  1  0  0  0  1  1  0  1  0  0  1  0  0  0  1  1  1  0  0  1  1  1  0  0  1]
[1  0  0  0  0  0  1  0  1  1  1  1  0  1  1  1  1  1  1  1  0  0  1  1  0  0  1  1  1  0  1  1  0  0  0  1  0  0  1  1  0  1  1  0  1  0  1  1  0  0  0  0  0  1  0  0  1  1  0  1  1  1  0  1  0  0  0  0  0  1  0  0  1  1]
[0  0  1  0  0  1  0  0  1  1  1  1  1  1  1  0  0  0  1  1  0  0  1  1  1  1  1  0  0  1  0  0  0  0  1  1  1  0  1  0  0  1  1  1  0  0  1  1  0  1  0  0  0  0  0  0  0  1  1  0  1  0  1  1  0  0  0  1  0  1  1  1]
[1]
[1  0  1  0  0  0  1  1  0  1  0  0  0  1  1  1  1  0  0  0  0  1  1  1  0  1  1  1  0  0  0  0  0  1  0  1  1  1  1  0  0  0  1  0  0  1  1  0  0  0  0  0  0  1  0  1  1  1  1  0  1  0  0  1  1  0  0  1  0  0  0  0  1]
[1  0  1  0  1  0  1  0  1  0  0  1  0  0  1  1  1  1  1  0  0  0  0  1  1  1  1  0  0  0  0  1  1  0  1  1  0  1  0  0  0  1  1  1  1  1  1  1  0  1  0  0  1  1  1  0  1  0  0  0  0  0  1  1  0  1  1  0  0  0  0  0  0  1]
[1]
9444732965818209574729
9444732965818209574729
8377611662477479224642
[1  0  0  1  0  0  0  0  1  0  0  1  1  1  0  0  1  1  0  0  0  1  0  0  1  0  1  1  1  1  1  1  1  1  1  1  1  1  0  0  0  0  0  0  0  0  0  0  0  0  0  0  0  0  0  0  0  0  0  0  0  0  0  0  0  0  0  0  0  0  0  0  0  0  1]
#
