75
[1  1  0  0  1  1  1  0  1  1  0  0  0  1  1  1  1  0  0  1  1  0  1  0  0  1  0  1  1  0  1  0  0  1  0  0  0  0  1  0  1  0  1  0  0  0  0  1  0  0  1  0  0  0  1  1  1  1  0  0  1  0  0  0  0  1  1  1  0  1  0  0  0  0  1]
[0  1  0  0  0  0  1  1  0  1  1  1  1  0  0  0  1  1  1  0  1  1  1  1  1  0  0  0  1  0  1  1  0  1  1  0  0  1  0  1  1  1  1  1  0  1  1  1  0  1  0  1  0  1  0  1  1  0  0  1  1  0  0  0  1  0  1  1  1  1  0  1  0  0  1]
[0  1  1  1  0  1  0  1  1  0  1  0  0  1  1  0  1  0  1  1  1  0  0  1  0  0  0  0  1  0  0  0  0  1  0  1  0  0  0  0  0  1  1  0  0  0  1  0  1  1  1  1  1  0  1  0  1  0  0  0  0  1  1  1  0  1  1  0  1  0  0  1  0  1  1]
[1  0  0  1  1  1  1  0  0  1  0  1  0  1  1  1  1  1  0  0  0  1  1  1  1  1  1  0  0  1  0  0  1  0  1  0  0  0  1  1  1  0  1  1  0  1  1  1  1  1  1  0  0  0  0  0  0  1  1  0  1  0  0  1  0  0  0  1  0  0  1  0  1  1]
[1]
[1  1  0  0  0  0  1  1  0  1  0  0  1  0  0  1  0  1  1  1  1  0  1  0  1  0  1  0  0  1  0  1  0  1  0  1  1  0  0  0  1  0  1  1  0  0  1  1  0  1  1  0  0  0  0  0  1  1  0  1  1  0  1  1  1  1  0  1  0  1  1  0  1  0  1]
[0  0  1  0  1  0  1  0  0  1  0  0  0  0  1  1  0  1  1  1  0  0  1  0  0  1  0  0  0  0  1  0  1  0  1  1  1  0  0  1  1  0  1  0  0  1  0  0  0  0  0  1  1  0  1  0  1  1  0  1  1  1  1  0  1  1  1  0  1  1  1  0  1  1]
[1]
18889465931526470735891
18889465931526470735891
5048190112547814688174
[1  1  0  0  1  1  0  0  0  1  0  0  1  0  1  0  0  0  0  0  0  0  1  1  0  1  0  0  0  1  0  0  1  0  0  0  0  0  0  0  0  0  0  0  0  0  0  0  0  0  0  0  0  0  0  0  0  0  0  0  0  0  0  0  0  0  0  0  0  0  0  0  0  0  0  1]
#
