76
[0  1  1  1  1  0  0  1  1  0  1  0  0  1  0  1  1  0  0  0  0  1  1  0  0  0  0  1  0  0  0  1  0  0  0  0  0  0  0  1  1  0  1  0  0  1  1  1  0  1  0  0  1  0  0  0  0  0  1  0  0  1  0  1  1  1  0  0  0  1  0  1  1  1  0  1]
[0  1  0  0  1  1  1  0  1  1  1  1  0  1  0  1  0  1  1  0  1  0  1  0  0  1  0  0  0  1  1  1  1  1  1  1  1  1  1  0  1  0  1  1  0  1  0  1  1  1  1  1  0  0  0  0  1  1  0  0  1  0  0  1  0  0  1  0  1  0  1  0  0  0  1]
[1  0  0  0  0  0  1  1  1  0  0  1  0  0  0  0  1  1  1  1  0  0  1  0  0  0  0  1  1  0  0  1  0  0  1  0  1  0  0  1  1  1  1  0  1  1  1  1  0  0  1  1  0  0  0  1  1  0  1  1  1  0  1  1  1  0  1  0  0  1  1  1  1  1  1  1]
[0  0  1  1  0  1  0  1  1  1  0  0  0  1  0  1  1  1  0  1  0  0  0  0  0  1  1  0  0  0  0  0  0  0  0  0  0  1  0  0  0  0  0  0  0  1  1  1  0  1  1  0  0  0  0  1  0  0  0  0  1  1  0  0  1  0  0  1  1  1  0  1  1]
[1]
[0  1  1  0  0  0  0  1  1  0  1  0  0  0  1  1  1  0  1  1  1  1  0  1  1  0  1  1  1  0  0  0  0  0  1  0  0  1  0  1  0  1  1  0  0  1  0  1  1  0  1  1  0  1  0  1  1  1  0  0  0  1  1  0  0  0  1  1  1  0  1  1  0  0  1]
[1  1  1  0  1  1  0  1  0  0  1  0  0  0  0  0  1  0  1  1  0  1  0  0  1  0  0  0  1  0  1  0  0  0  1  0  0  1  1  1  1  1  1  0  0  1  0  0  0  1  0  1  0  1  0  0  1  0  1  1  0  0  0  0  0  0  1  0  0  1  1  0  0  0  1  1]
[1]
37778931863098137108797
37778931863098137108797
12301829005584205627348
[1  1  1  0  0  1  0  0  0  0  0  0  0  0  1  1  0  0  0  1  1  0  0  1  1  1  0  1  0  1  0  1  0  1  1  1  1  1  1  0  0  0  0  0  0  0  0  0  0  0  0  0  0  0  0  0  0  0  0  0  0  0  0  0  0  0  0  0  0  0  0  0  0  0  0  0  1]
#
