77
[0  1  0  1  1  0  0  1  0  1  1  0  0  0  0  0  0  0  0  1  0  0  1  0  1  1  1  1  0  1  1  1  1  0  1  1  0  0  0  1  0  0  0  0  1  1  0  1  1  1  0  1  1  1  1  1  0  0  1  1  1  0  1  0  0  0  1  0  1  0  0  1  1  0  0  1]
[1  0  0  0  0  1  0  1  1  1  1  1  1  0  1  0  1  0  1  1  0  1  0  1  1  0  0  0  0  0  0  0  0  0  1  1  0  0  1  1  1  0  1  1  0  0  0  1  0  0  1  1  0  0  0  0  1  1  1  0  0  1  0  0  0  0  0  1  0  0  1]
[0  0  0  0  0  0  1  1  1  0  1  0  1  1  1  0  0  0  0  1  1  1  1  1  0  0  1  0  0  1  1  0  1  1  1  0  1  1  1  1  0  1  0  0  1  0  0  0  0  0  1  1  1  1  0  1  1  0  0  1  1  0  0  1  0  0  0  0  0  0  1  1  1  1  0  1]
[1  1  1  0  0  0  0  1  1  1  1  1  1  1  1  1  1  1  0  1  1  1  1  0  1  0  1  0  1  0  1  1  0  0  1  1  1  1  0  0  1  1  0  1  0  0  0  0  0  0  0  0  0  0  0  1  0  1  1  1  1  0  0  1  0  1  1  0  0  0  1  1  1  0  1  1  1]
[1]
[0  0  0  0  1  0  0  1  1  1  0  1  1  0  1  1  1  1  0  0  0  1  0  0  0  1  1  0  0  0  0  1  1  1  0  1  0  0  1  1  1  0  0  0  0  0  1  1  0  1  0  1  0  0  1  1  0  0  0  1  1  0  1  0  0  1  1  0  1  0  0  1  0  0  0  1  1]
[1  0  1  0  0  0  0  0  1  0  1  1  0  0  0  1  1  1  1  1  0  1  1  1  1  1  1  0  1  1  0  1  0  1  0  0  0  1  1  0  1  1  1  0  1  1  0  1  1  1  0  0  0  1  0  0  0  1  1  1  0  1  1  1  0  0  0  1  1  0  0  0  0  1  1]
[1]
75557863726082314128427
75557863726082314128427
8126615565317559866656
[1  0  1  0  1  0  0  0  0  0  0  1  0  0  1  1  0  0  0  0  0  0  0  0  0  0  0  0  0  0  0  0  0  0  0  0  0  0  0  0  0  0  0  0  0  0  0  0  0  0  0  0  0  0  0  0  0  0  0  0  0  0  0  0  0  0  0  0  0  0  0  0  0  0  0  0  0  1]
#
