78
[0  0  0  0  0  1  0  0  0  0  0  1  1  0  1  1  0  0  1  0  0  1  0  0  0  0  0  1  1  0  1  1  0  1  0  0  1  1  0  0  0  1  1  0  1  1  0  1  0  1  1  0  1  1  0  1  0  0  0  1  0  0  1  1  0  1  1  0  1  1  0  1  0  0  1  0  1  1]
[0  0  1  1  1  0  1  0  0  1  1  0  1  0  0  0  0  0  1  1  0  1  1  0  1  1  1  0  1  0  0  1  1  1  1  1  1  0  0  1  0  0  1  0  0  0  0  0  0  0  0  0  1  0  0  0  0  1  1  0  0  1  1  1  0  1  0  1  1  1  1  0  1  1  1  1  0  1]
[1  1  0  0  0  1  1  0  1  1  1  1  0  0  1  0  1  1  0  1  0  1  1  0  0  1  0  1  1  0  1  1  0  0  1  1  1  1  1  1  0  0  1  1  1  1  0  1  0  1  0  1  0  1  0  1  0  1  1  1  0  0  1  1  0  0  1  1  0  1  1  1  0  1]
[0  0  0  1  0  0  0  0  1  0  0  1  1  1  1  0  1  0  0  1  1  1  0  0  0  0  0  0  0  1  1  0  0  1  0  1  1  0  0  1  1  1  0  1  1  1  1  1  1  1  0  0  0  1  1  0  1  0  0  0  0  0  0  0  0  0  0  1  1  1  1  1  0  0  0  1  1  1]
[1]
[1  1  0  0  1  0  0  1  1  0  1  0  1  1  0  0  0  1  0  0  0  1  0  0  0  0  1  0  1  1  1  1  1  0  0  1  0  1  0  1  0  1  1  0  0  0  0  0  0  0  0  1  1  1  0  0  0  1  0  1  1  0  1  1  1  1  1  1  1  1  1  1  1  0  0  0  0  1]
[1  1  1  0  1  0  1  0  1  0  0  1  1  0  0  1  0  0  0  0  1  0  0  1  1  0  0  0  1  0  0  0  0  0  1  0  1  1  0  0  1  1  0  0  1  1  1  0  0  1  0  0  0  1  1  1  1  0  0  0  0  0  0  1  1  1  1  0  1  1  0  0  1  1  0  0  0  1]
[1]
151115727452004919716293
151115727452004919716293
97460266576950244039226
[1  1  0  0  1  0  1  1  1  1  0  1  0  1  1  1  0  1  1  1  0  1  1  0  1  1  0  1  1  0  0  0  1  1  1  1  0  1  0  1  0  0  1  1  1  0  1  0  0  0  0  0  0  0  0  0  0  0  0  0  0  0  0  0  0  0  0  0  0  0  0  0  0  0  0  0  0  0  1]
#
