79
[0  0  1  1  0  0  0  0  1  1  0  1  1  0  1  1  1  0  0  1  0  0  1  1  1  1  0  1  1  1  0  0  1  1  0  1  0  0  0  0  0  0  1  0  1  0  1  1  1  1  0  0  1  1  0  0  0  0  1  1  1  1  0  1  0  0  0  0  0  1  1  0  1  0  1  0  1  1  1]
[0  1  1  1  1  0  1  0  1  0  1  0  0  1  1  0  0  0  1  1  0  0  0  1  0  1  0  1  1  0  0  0  1  1  1  0  1  1  0  0  1  0  1  1  0  0  1  1  1  1  1  0  0  1  0  1  1  0  1  0  1  0  0  0  0  1  1  1  0  1  1  1  1  0  0  0  1]
[0  0  1  1  0  1  0  0  1  1  1  0  1  1  0  0  1  1  1  1  1  0  1  1  0  1  1  0  1  1  0  0  1  1  1  0  1  0  1  1  1  1  0  0  1  1  1  0  0  0  0  1  1  0  1  0  0  1  0  0  0  1  0  0  0  1  0  0  0  1  0  0  0  0  0  1  0  0  1]
[1  0  0  0  0  1  0  0  0  0  1  1  1  1  0  0  0  1  1  0  0  0  1  1  1  1  1  0  1  0  1  0  1  1  0  0  1  0  1  1  1  0  0  0  1  0  0  1  1  1  1  0  0  0  0  0  1  0  0  1  1  1  1  1  0  1  0  0  1  1  0  0  1  1  1  0  0  1]
[1]
[1  1  0  0  0  1  1  1  1  0  0  0  1  1  1  1  1  1  1  1  0  1  0  0  1  0  1  1  0  1  1  0  0  0  1  0  1  0  0  1  1  1  0  0  0  0  0  1  0  1  1  0  1  1  1  0  1  1  1  0  0  1  1  0  0  1  1  1  0  0  1  0  0  1  1  0  1]
[0  1  1  0  1  1  1  1  1  0  1  0  0  0  1  1  1  1  1  1  0  1  1  1  0  0  0  0  1  1  0  0  1  0  0  0  1  1  1  1  0  0  0  1  1  1  1  0  0  1  1  1  1  1  0  0  0  1  1  0  0  1  0  0  1  0  0  1  1  1  0  1  1  0  0  1  1  1  1]
[1]
302231454903876982185829
302231454903876982185829
48119961136699767480974
[1  0  1  1  1  0  0  0  0  0  0  0  0  0  0  0  0  0  0  0  0  0  0  0  0  0  0  0  0  0  0  0  0  0  0  0  0  0  0  0  0  0  0  0  0  0  0  0  0  0  0  0  0  0  0  0  0  0  0  0  0  0  0  0  0  0  0  0  0  0  0  0  0  0  0  0  0  0  0  1]
#
