80
[1  1  0  0  1  1  1  1  0  0  1  0  1  0  1  1  0  0  1  1  0  0  0  0  1  1  0  1  1  0  1  0  1  1  0  1  1  0  0  1  0  0  0  1  1  0  1  1  1  0  1  1  0  1  0  1  1  1  0  1  0  1  0  1  1  0  0  0  1  0  0  0  1  0  0  0  0  0  0  1]
[0  1  1  1  1  0  0  0  0  0  0  0  1  1  1  1  0  1  1  1  0  1  0  0  1  1  1  0  0  0  0  0  0  1  1  0  1  0  1  0  0  0  1  1  0  1  0  0  0  0  0  0  0  1  1  1  1  1  1  0  1  0  1  0  0  1  0  0  1  0  1  0  0  1  1  0  1  1]
[0  0  0  1  0  1  0  1  1  1  0  1  0  0  0  1  1  1  1  1  1  0  1  0  0  1  0  1  0  0  0  0  1  1  1  0  1  1  0  1  1  0  1  1  1  1  1  1  0  0  0  0  1  1  1  0  0  0  0  0  1  1  0  0  0  1  0  1  0  0  1  1  1  0  0  1  1]
[1  0  1  1  0  0  1  1  1  0  0  0  0  1  0  1  1  0  0  1  1  0  0  0  1  0  1  1  0  1  0  1  1  0  1  1  0  0  1  0  1  0  0  1  1  1  1  1  1  1  1  1  0  1  1  1  0  0  0  0  1  0  1  1  0  0  1  0  0  1  1  0  1  1  0  1]
[1]
[1  1  1  1  0  0  0  0  0  0  0  0  0  0  0  0  1  1  0  0  0  1  0  0  0  1  1  0  0  0  0  0  1  1  0  0  0  0  0  0  0  1  1  0  0  0  1  1  1  0  1  0  1  0  0  0  0  1  0  0  1  0  1  0  1  1  1  1  1  0  1  0  1  0  0  1  0  1]
[0  0  0  1  1  0  0  1  1  0  1  0  0  1  1  1  0  0  1  0  1  0  0  0  1  0  0  0  1  1  0  0  0  1  0  1  1  0  1  1  1  1  0  1  0  0  0  1  1  0  1  1  0  1  0  0  0  1  0  1  1  1  0  0  1  0  0  0  1  0  0  1  1  1  0  0  1  0  1  1]
[1]
604462909808077173174221
604462909808077173174221
467700300664139650099805
[1  0  1  0  1  1  1  0  1  1  0  1  0  1  0  1  0  1  0  0  1  1  1  0  1  1  1  0  0  1  0  1  1  1  0  0  0  0  1  0  0  1  1  0  0  0  1  0  1  0  0  0  0  0  0  0  0  0  0  0  0  0  0  0  0  0  0  0  0  0  0  0  0  0  0  0  0  0  0  0  1]
#
