1000003	9343
392182	354250
982511	171820
657867 	467901
999221
#
10000019	9260721
5284017	2092631
2710818	34595
6829960	6994351
10001779
#
10000000019	6939730391
183596765	9635929619
6464543942	3202983360
6774388281	7030218524
9999922277
#
10000000000037	4383734120865
5859214870793	7870906300384
3400134295347	6164628615409
209994963613	2539290034347
10000005964489
#
10007	8234
7019	3821
6790	3956
726 	325
10091
#
1009	438
25	42
837	905
392	887
1033
#
1000000007	952011593
408280943	301911293
114583102	870118202
946638205	890092122
1000023053
#
100000007	1368452
40169190	91203620
16805439	86066096
73597920	2834384
100007363
#
1009	462
850	576
229	972
671	511
953
#
100000000003	84822343377
59078027316	68937806932
20761062876	22588288390
91664490365	65163595583
100000190713
#
1009	8234
499	684
144	310
551 	300
1051
#
10000000019	6939730391
183596765	9635929619
6464543942	3202983360
6774388281	7030218524
9999922277
#
